X	Y
2.000000	0.000000
7.403514	0.000000
12.807028	0.000000
18.210542	0.000000
23.614056	0.000000
29.017570	0.000000
34.421083	0.000000
39.824597	0.000000
45.228111	0.000000
50.631625	0.000000
56.035139	0.000000
61.438653	0.000000
66.842167	0.000000
72.245681	0.000000
77.649195	0.000000
83.052709	0.000000
88.456223	0.000000
93.859736	0.000000
99.263250	0.000000
104.666764	0.000000
110.070278	0.000000
115.473792	0.000000
120.877306	0.000000
126.280820	0.000000
131.684334	0.000000
137.087848	0.000000
142.491362	0.000000
147.894876	0.000000
153.298389	0.000000
158.701903	0.000000
164.105417	0.000000
169.508931	0.000000
174.912445	0.000000
180.315959	0.000000
185.719473	0.000000
191.122987	0.000000
196.526501	0.000000
201.930015	0.000000
207.333529	0.000000
212.737042	0.000000
218.140556	0.000000
223.544070	0.000000
228.947584	0.000000
234.351098	0.000000
239.754612	0.000000
245.158126	0.000000
250.561640	0.000000
255.965154	0.000000
261.368668	0.000000
266.772182	0.000000
272.175695	0.000000
277.579209	0.000000
282.982723	0.000000
288.386237	0.000000
293.789751	0.000000
299.193265	0.000000
304.596779	0.000000
310.000293	0.000000
315.403807	0.000000
320.807321	0.000000
326.210835	0.000000
331.614348	0.000000
337.017862	0.000000
342.421376	0.000000
347.824890	0.000000
353.228404	0.000000
358.631918	0.000000
364.035432	0.000000
369.438946	0.000000
374.842460	0.000000
380.245974	0.000000
385.649487	0.000000
391.053001	0.000000
396.456515	0.000000
401.860029	0.000000
407.263543	0.000000
412.667057	0.000000
418.070571	0.000000
423.474085	0.000000
428.877599	0.000000
434.281113	0.000000
439.684627	0.000000
445.088140	0.000000
450.491654	0.000000
455.895168	0.000000
461.298682	0.000000
466.702196	0.000000
472.105710	0.000000
477.509224	0.000000
482.912738	0.000000
488.316252	0.000000
493.719766	0.000000
499.123280	0.000000
504.526793	0.000000
509.930307	0.000000
515.333821	0.000000
520.737335	0.000000
526.140849	0.000000
531.544363	0.000000
536.947877	0.000000
542.351391	0.000000
547.754905	0.000000
553.158419	0.000000
558.561933	0.000000
563.965446	0.000000
569.368960	0.000000
574.772474	0.000000
580.175988	0.000000
585.579502	0.000000
590.983016	0.000000
596.386530	0.000000
601.790044	0.000000
607.193558	0.000000
612.597072	0.000000
618.000586	0.000000
623.404099	0.000000
628.807613	0.000000
634.211127	0.000000
639.614641	0.000000
645.018155	0.000000
650.421669	0.000000
655.825183	0.000000
661.228697	0.000000
666.632211	0.000000
672.035725	0.000000
677.439239	0.000000
682.842752	0.000000
688.246266	0.000000
693.649780	0.000000
699.053294	0.000000
704.456808	0.000000
709.860322	0.000000
715.263836	0.000000
720.667350	0.000000
726.070864	0.000000
731.474378	0.000000
736.877892	0.000000
742.281405	0.000000
747.684919	0.000000
753.088433	0.000000
758.491947	0.000000
763.895461	0.000000
769.298975	0.000000
774.702489	0.000000
780.106003	0.000000
785.509517	0.000000
790.913031	0.000000
796.316545	0.000000
801.720058	0.000000
807.123572	0.000000
812.527086	0.000000
817.930600	0.000000
823.334114	0.000000
828.737628	0.000000
834.141142	0.000000
839.544656	0.000000
844.948170	0.000000
850.351684	0.000000
855.755198	0.000000
861.158711	0.000000
866.562225	0.000000
871.965739	0.000000
877.369253	0.000000
882.772767	0.000000
888.176281	0.000000
893.579795	0.000000
898.983309	0.000000
904.386823	0.000000
909.790337	0.000000
915.193851	0.000000
920.597364	0.000000
926.000878	0.000000
931.404392	0.000000
936.807906	0.000000
942.211420	0.000000
947.614934	0.000000
953.018448	0.000000
958.421962	0.000000
963.825476	0.000000
969.228990	0.000000
974.632504	0.000000
980.036017	0.000000
985.439531	0.000000
990.843045	0.000000
996.246559	0.000000
1001.650073	0.000000
1007.053587	0.000000
1012.457101	0.000000
1017.860615	0.000000
1023.264129	0.000000
1028.667643	0.000000
1034.071157	0.000000
1039.474670	0.000000
1044.878184	0.000000
1050.281698	0.000000
1055.685212	0.000000
1061.088726	0.000000
1066.492240	0.000000
1071.895754	0.000000
1077.299268	0.000000
1082.702782	0.000000
1088.106296	0.000000
1093.509809	0.000000
1098.913323	0.000000
1104.316837	0.000000
1109.720351	0.000000
1115.123865	0.000000
1120.527379	0.000000
1125.930893	0.000000
1131.334407	0.000000
1136.737921	0.000000
1142.141435	0.000000
1147.544949	0.000000
1152.948462	0.000000
1158.351976	0.000000
1163.755490	0.000000
1169.159004	0.000000
1174.562518	0.000000
1179.966032	0.000000
1185.369546	0.000000
1190.773060	0.000000
1196.176574	0.000000
1201.580088	0.000000
1206.983602	0.000000
1212.387115	0.000000
1217.790629	0.000000
1223.194143	0.000000
1228.597657	0.000000
1234.001171	0.000000
1239.404685	0.000000
1244.808199	0.000000
1250.211713	0.000000
1255.615227	0.000000
1261.018741	0.000000
1266.422255	0.000000
1271.825768	0.000000
1277.229282	0.000000
1282.632796	0.000000
1288.036310	0.000000
1293.439824	0.000000
1298.843338	0.000000
1304.246852	0.000000
1309.650366	0.000000
1315.053880	0.000000
1320.457394	0.000000
1325.860908	0.000000
1331.264421	0.000000
1336.667935	0.000000
1342.071449	0.000000
1347.474963	0.000000
1352.878477	0.000000
1358.281991	0.000000
1363.685505	0.000000
1369.089019	0.000000
1374.492533	0.000000
1379.896047	0.000000
1385.299561	0.000000
1390.703074	0.000000
1396.106588	0.000000
1401.510102	0.000000
1406.913616	0.000000
1412.317130	0.000000
1417.720644	0.000000
1423.124158	0.000000
1428.527672	0.000000
1433.931186	0.000000
1439.334700	0.000000
1444.738214	0.000000
1450.141727	0.000000
1455.545241	0.000000
1460.948755	0.000000
1466.352269	0.000000
1471.755783	0.000000
1477.159297	0.000000
1482.562811	0.000000
1487.966325	0.000000
1493.369839	0.000000
1498.773353	0.000000
1504.176867	0.000000
1509.580380	0.000000
1514.983894	0.000000
1520.387408	0.000000
1525.790922	0.000000
1531.194436	0.000000
1536.597950	0.000000
1542.001464	0.000000
1547.404978	0.000000
1552.808492	0.000000
1558.212006	0.000000
1563.615520	0.000000
1569.019033	0.000000
1574.422547	0.000000
1579.826061	0.000000
1585.229575	0.000000
1590.633089	0.000000
1596.036603	0.000000
1601.440117	0.000000
1606.843631	0.000000
1612.247145	0.000000
1617.650659	0.000000
1623.054173	0.000000
1628.457686	0.000000
1633.861200	0.000000
1639.264714	0.000000
1644.668228	0.000000
1650.071742	0.000000
1655.475256	0.000000
1660.878770	0.000000
1666.282284	0.000000
1671.685798	0.000000
1677.089312	0.000000
1682.492826	0.000000
1687.896339	0.000000
1693.299853	0.000000
1698.703367	0.000000
1704.106881	0.000000
1709.510395	0.000000
1714.913909	0.000000
1720.317423	0.000000
1725.720937	0.000000
1731.124451	0.000000
1736.527965	0.000000
1741.931479	0.000000
1747.334992	0.000000
1752.738506	0.000000
1758.142020	0.000000
1763.545534	0.000000
1768.949048	0.000000
1774.352562	0.000000
1779.756076	0.000000
1785.159590	0.000000
1790.563104	0.000000
1795.966618	0.000000
1801.370131	0.000000
1806.773645	0.000000
1812.177159	0.000000
1817.580673	0.000000
1822.984187	0.000000
1828.387701	0.000000
1833.791215	0.000000
1839.194729	0.000000
1844.598243	0.000000
1850.001757	0.000000
1855.405271	0.000000
1860.808784	0.000000
1866.212298	0.000000
1871.615812	0.000000
1877.019326	0.000000
1882.422840	0.000000
1887.826354	0.000000
1893.229868	0.000000
1898.633382	0.000000
1904.036896	0.000000
1909.440410	0.000000
1914.843924	0.000003
1920.247437	0.000031
1925.650951	0.000433
1931.054465	0.011915
1936.457979	0.035288
1941.861493	2.798553
1947.265007	1.829613
1952.668521	32.034180
1958.072035	4.053955
1963.475549	2.483734
1968.879063	0.316654
1974.282577	0.012913
1979.686090	0.003410
1985.089604	0.000086
1990.493118	0.000017
1995.896632	0.000001
2001.300146	0.000000
2006.703660	0.000000
2012.107174	0.000000
2017.510688	0.000000
2022.914202	0.000000
2028.317716	0.000000
2033.721230	0.000000
2039.124743	0.000000
2044.528257	0.000000
2049.931771	0.000000
2055.335285	0.000000
2060.738799	0.000000
2066.142313	0.000000
2071.545827	0.000000
2076.949341	0.000000
2082.352855	0.000000
2087.756369	0.000001
2093.159883	0.000003
2098.563396	0.000017
2103.966910	0.000243
2109.370424	0.001116
2114.773938	0.076412
2120.177452	0.291883
2125.580966	111.480469
2130.984480	792.750000
2136.387994	496116.000000
2141.791508	118622208.000000
2147.195022	3626144.000000
2152.598536	32638798659584.000000
2158.002049	7743808.000000
2163.405563	27487522258944.000000
2168.809077	171476.000000
2174.212591	104115.000000
2179.616105	97.095703
2185.019619	0.499594
2190.423133	0.019304
2195.826647	0.000132
2201.230161	0.000007
2206.633675	0.000000
2212.037189	0.000000
2217.440702	0.000000
2222.844216	0.000000
2228.247730	0.000000
2233.651244	0.000000
2239.054758	0.000000
2244.458272	0.000000
2249.861786	0.000000
2255.265300	0.000000
2260.668814	0.000000
2266.072328	0.000000
2271.475842	0.000000
2276.879355	0.000000
2282.282869	0.000000
2287.686383	0.000000
2293.089897	0.000000
2298.493411	0.000000
2303.896925	0.000000
2309.300439	0.000000
2314.703953	0.000000
2320.107467	0.000000
2325.510981	0.000000
2330.914495	0.000000
2336.318008	0.000000
2341.721522	0.000000
2347.125036	0.000000
2352.528550	0.000000
2357.932064	0.000000
2363.335578	0.000000
2368.739092	0.000000
2374.142606	0.000000
2379.546120	0.000000
2384.949634	0.000000
2390.353148	0.000000
2395.756661	0.000000
2401.160175	0.000000
2406.563689	0.000000
2411.967203	0.000000
2417.370717	0.000000
2422.774231	0.000000
2428.177745	0.000000
2433.581259	0.000000
2438.984773	0.000000
2444.388287	0.000000
2449.791800	0.000000
2455.195314	0.000000
2460.598828	0.000000
2466.002342	0.000000
2471.405856	0.000000
2476.809370	0.000000
2482.212884	0.000000
2487.616398	0.000000
2493.019912	0.000000
2498.423426	0.000000
2503.826940	0.000000
2509.230453	0.000000
2514.633967	0.000000
2520.037481	0.000000
2525.440995	0.000000
2530.844509	0.000000
2536.248023	0.000000
2541.651537	0.000000
2547.055051	0.000000
2552.458565	0.000000
2557.862079	0.000000
2563.265593	0.000000
2568.669106	0.000000
2574.072620	0.000000
2579.476134	0.000000
2584.879648	0.000000
2590.283162	0.000000
2595.686676	0.000000
2601.090190	0.000000
2606.493704	0.000000
2611.897218	0.000000
2617.300732	0.000000
2622.704246	0.000000
2628.107759	0.000000
2633.511273	0.000000
2638.914787	0.000000
2644.318301	0.000000
2649.721815	0.000000
2655.125329	0.000000
2660.528843	0.000000
2665.932357	0.000000
2671.335871	0.000000
2676.739385	0.000000
2682.142899	0.000000
2687.546412	0.000000
2692.949926	0.000000
2698.353440	0.000000
2703.756954	0.000000
2709.160468	0.000000
2714.563982	0.000000
2719.967496	0.000000
2725.371010	0.000000
2730.774524	0.000000
2736.178038	0.000000
2741.581552	0.000000
2746.985065	0.000000
2752.388579	0.000000
2757.792093	0.000000
2763.195607	0.000000
2768.599121	0.000000
2774.002635	0.000000
2779.406149	0.000000
2784.809663	0.000000
2790.213177	0.000000
2795.616691	0.000000
2801.020205	0.000000
2806.423718	0.000000
2811.827232	0.000000
2817.230746	0.000000
2822.634260	0.000000
2828.037774	0.000000
2833.441288	0.000000
2838.844802	0.000000
2844.248316	0.000000
2849.651830	0.000000
2855.055344	0.000000
2860.458858	0.000000
2865.862371	0.000000
2871.265885	0.000000
2876.669399	0.000000
2882.072913	0.000000
2887.476427	0.000000
2892.879941	0.000000
2898.283455	0.000000
2903.686969	0.000000
2909.090483	0.000000
2914.493997	0.000000
2919.897511	0.000000
2925.301024	0.000000
2930.704538	0.000000
2936.108052	0.000000
2941.511566	0.000000
2946.915080	0.000000
2952.318594	0.000000
2957.722108	0.000000
2963.125622	0.000000
2968.529136	0.000000
2973.932650	0.000000
2979.336164	0.000000
2984.739677	0.000000
2990.143191	0.000000
2995.546705	0.000000
3000.950219	0.000000
3006.353733	0.000000
3011.757247	0.000000
3017.160761	0.000000
3022.564275	0.000000
3027.967789	0.000000
3033.371303	0.000000
3038.774817	0.000000
3044.178330	0.000000
3049.581844	0.000000
3054.985358	0.000000
3060.388872	0.000000
3065.792386	0.000000
3071.195900	0.000000
3076.599414	0.000000
3082.002928	0.000000
3087.406442	0.000000
3092.809956	0.000000
3098.213470	0.000000
3103.616983	0.000000
3109.020497	0.000000
3114.424011	0.000000
3119.827525	0.000000
3125.231039	0.000000
3130.634553	0.000000
3136.038067	0.000000
3141.441581	0.000000
3146.845095	0.000000
3152.248609	0.000000
3157.652122	0.000000
3163.055636	0.000000
3168.459150	0.000000
3173.862664	0.000000
3179.266178	0.000000
3184.669692	0.000000
3190.073206	0.000000
3195.476720	0.000000
3200.880234	0.000000
3206.283748	0.000000
3211.687262	0.000000
3217.090775	0.000000
3222.494289	0.000000
3227.897803	0.000000
3233.301317	0.000000
3238.704831	0.000000
3244.108345	0.000000
3249.511859	0.000000
3254.915373	0.000000
3260.318887	0.000000
3265.722401	0.000000
3271.125915	0.000000
3276.529428	0.000000
3281.932942	0.000000
3287.336456	0.000000
3292.739970	0.000000
3298.143484	0.000000
3303.546998	0.000000
3308.950512	0.000000
3314.354026	0.000000
3319.757540	0.000000
3325.161054	0.000000
3330.564568	0.000000
3335.968081	0.000000
3341.371595	0.000000
3346.775109	0.000000
3352.178623	0.000000
3357.582137	0.000000
3362.985651	0.000000
3368.389165	0.000000
3373.792679	0.000000
3379.196193	0.000000
3384.599707	0.000000
3390.003221	0.000000
3395.406734	0.000000
3400.810248	0.000000
3406.213762	0.000000
3411.617276	0.000000
3417.020790	0.000000
3422.424304	0.000000
3427.827818	0.000000
3433.231332	0.000000
3438.634846	0.000000
3444.038360	0.000000
3449.441874	0.000000
3454.845387	0.000000
3460.248901	0.000000
3465.652415	0.000000
3471.055929	0.000000
3476.459443	0.000000
3481.862957	0.000000
3487.266471	0.000000
3492.669985	0.000000
3498.073499	0.000000
3503.477013	0.000000
3508.880527	0.000000
3514.284040	0.000000
3519.687554	0.000000
3525.091068	0.000000
3530.494582	0.000000
3535.898096	0.000000
3541.301610	0.000000
3546.705124	0.000000
3552.108638	0.000000
3557.512152	0.000000
3562.915666	0.000000
3568.319180	0.000000
3573.722693	0.000000
3579.126207	0.000000
3584.529721	0.000000
3589.933235	0.000000
3595.336749	0.000000
3600.740263	0.000000
3606.143777	0.000000
3611.547291	0.000000
3616.950805	0.000000
3622.354319	0.000000
3627.757833	0.000000
3633.161346	0.000000
3638.564860	0.000000
3643.968374	0.000000
3649.371888	0.000000
3654.775402	0.000000
3660.178916	0.000000
3665.582430	0.000000
3670.985944	0.000000
3676.389458	0.000000
3681.792972	0.000000
3687.196486	0.000000
3692.599999	0.000000
3698.003513	0.000000
3703.407027	0.000000
3708.810541	0.000000
3714.214055	0.000000
3719.617569	0.000000
3725.021083	0.000000
3730.424597	0.000000
3735.828111	0.000000
3741.231625	0.000000
3746.635139	0.000000
3752.038652	0.000000
3757.442166	0.000000
3762.845680	0.000000
3768.249194	0.000000
3773.652708	0.000000
3779.056222	0.000000
3784.459736	0.000000
3789.863250	0.000000
3795.266764	0.000000
3800.670278	0.000000
3806.073792	0.000000
3811.477305	0.000000
3816.880819	0.000000
3822.284333	0.000000
3827.687847	0.000000
3833.091361	0.000000
3838.494875	0.000000
3843.898389	0.000000
3849.301903	0.000000
3854.705417	0.000000
3860.108931	0.000000
3865.512444	0.000000
3870.915958	0.000000
3876.319472	0.000000
3881.722986	0.000000
3887.126500	0.000000
3892.530014	0.000000
3897.933528	0.000000
3903.337042	0.000000
3908.740556	0.000000
3914.144070	0.000000
3919.547584	0.000000
3924.951097	0.000000
3930.354611	0.000000
3935.758125	0.000000
3941.161639	0.000000
3946.565153	0.000000
3951.968667	0.000000
3957.372181	0.000000
3962.775695	0.000000
3968.179209	0.000000
3973.582723	0.000000
3978.986237	0.000000
3984.389750	0.000000
3989.793264	0.000000
3995.196778	0.000000
4000.600292	0.000000
4006.003806	0.000000
4011.407320	0.000000
4016.810834	0.000000
4022.214348	0.000000
4027.617862	0.000000
4033.021376	0.000000
4038.424890	0.000000
4043.828403	0.000000
4049.231917	0.000000
4054.635431	0.000000
4060.038945	0.000000
4065.442459	0.000000
4070.845973	0.000000
4076.249487	0.000000
4081.653001	0.000000
4087.056515	0.000000
4092.460029	0.000000
4097.863543	0.000000
4103.267056	0.000000
4108.670570	0.000000
4114.074084	0.000000
4119.477598	0.000000
4124.881112	0.000000
4130.284626	0.000000
4135.688140	0.000000
4141.091654	0.000000
4146.495168	0.000000
4151.898682	0.000000
4157.302196	0.000000
4162.705709	0.000000
4168.109223	0.000000
4173.512737	0.000000
4178.916251	0.000000
4184.319765	0.000000
4189.723279	0.000000
4195.126793	0.000000
4200.530307	0.000000
4205.933821	0.000000
4211.337335	0.000000
4216.740849	0.000000
4222.144362	0.000000
4227.547876	0.000000
4232.951390	0.000000
4238.354904	0.000000
4243.758418	0.000000
4249.161932	0.000000
4254.565446	0.000000
4259.968960	0.000000
4265.372474	0.000000
4270.775988	0.000000
4276.179502	0.000000
4281.583015	0.000000
4286.986529	0.000000
4292.390043	0.000000
4297.793557	0.000000
4303.197071	0.000000
4308.600585	0.000000
4314.004099	0.000000
4319.407613	0.000000
4324.811127	0.000000
4330.214641	0.000000
4335.618155	0.000000
4341.021668	0.000000
4346.425182	0.000000
4351.828696	0.000000
4357.232210	0.000000
4362.635724	0.000000
4368.039238	0.000000
4373.442752	0.000000
4378.846266	0.000000
4384.249780	0.000000
4389.653294	0.000000
4395.056808	0.000000
4400.460321	0.000000
4405.863835	0.000000
4411.267349	0.000000
4416.670863	0.000000
4422.074377	0.000000
4427.477891	0.000000
4432.881405	0.000000
4438.284919	0.000000
4443.688433	0.000000
4449.091947	0.000000
4454.495461	0.000000
4459.898974	0.000000
4465.302488	0.000000
4470.706002	0.000000
4476.109516	0.000000
4481.513030	0.000000
4486.916544	0.000000
4492.320058	0.000000
4497.723572	0.000000
4503.127086	0.000000
4508.530600	0.000000
4513.934114	0.000000
4519.337627	0.000000
4524.741141	0.000000
4530.144655	0.000000
4535.548169	0.000000
4540.951683	0.000000
4546.355197	0.000000
4551.758711	0.000000
4557.162225	0.000000
4562.565739	0.000000
4567.969253	0.000000
4573.372766	0.000000
4578.776280	0.000000
4584.179794	0.000000
4589.583308	0.000000
4594.986822	0.000000
4600.390336	0.000000
4605.793850	0.000000
4611.197364	0.000000
4616.600878	0.000000
4622.004392	0.000000
4627.407906	0.000000
4632.811419	0.000000
4638.214933	0.000000
4643.618447	0.000000
4649.021961	0.000000
4654.425475	0.000000
4659.828989	0.000000
4665.232503	0.000000
4670.636017	0.000000
4676.039531	0.000000
4681.443045	0.000000
4686.846559	0.000000
4692.250072	0.000000
4697.653586	0.000000
4703.057100	0.000000
4708.460614	0.000000
4713.864128	0.000000
4719.267642	0.000000
4724.671156	0.000000
4730.074670	0.000000
4735.478184	0.000000
4740.881698	0.000000
4746.285212	0.000000
4751.688725	0.000000
4757.092239	0.000000
4762.495753	0.000000
4767.899267	0.000000
4773.302781	0.000000
4778.706295	0.000000
4784.109809	0.000000
4789.513323	0.000000
4794.916837	0.000000
4800.320351	0.000000
4805.723865	0.000000
4811.127378	0.000000
4816.530892	0.000000
4821.934406	0.000000
4827.337920	0.000000
4832.741434	0.000000
4838.144948	0.000000
4843.548462	0.000000
4848.951976	0.000000
4854.355490	0.000000
4859.759004	0.000000
4865.162518	0.000000
4870.566031	0.000000
4875.969545	0.000000
4881.373059	0.000000
4886.776573	0.000000
4892.180087	0.000000
4897.583601	0.000000
4902.987115	0.000000
4908.390629	0.000000
4913.794143	0.000000
4919.197657	0.000000
4924.601171	0.000000
4930.004684	0.000000
4935.408198	0.000000
4940.811712	0.000000
4946.215226	0.000000
4951.618740	0.000000
4957.022254	0.000000
4962.425768	0.000000
4967.829282	0.000000
4973.232796	0.000000
4978.636310	0.000000
4984.039824	0.000000
4989.443337	0.000000
4994.846851	0.000000
5000.250365	0.000000
5005.653879	0.000000
5011.057393	0.000000
5016.460907	0.000000
5021.864421	0.000000
5027.267935	0.000000
5032.671449	0.000000
5038.074963	0.000000
5043.478477	0.000000
5048.881990	0.000000
5054.285504	0.000000
5059.689018	0.000000
5065.092532	0.000000
5070.496046	0.000000
5075.899560	0.000000
5081.303074	0.000000
5086.706588	0.000000
5092.110102	0.000000
5097.513616	0.000000
5102.917130	0.000000
5108.320643	0.000000
5113.724157	0.000000
5119.127671	0.000000
5124.531185	0.000000
5129.934699	0.000000
5135.338213	0.000000
5140.741727	0.000000
5146.145241	0.000000
5151.548755	0.000000
5156.952269	0.000000
5162.355783	0.000000
5167.759296	0.000000
5173.162810	0.000000
5178.566324	0.000000
5183.969838	0.000000
5189.373352	0.000000
5194.776866	0.000000
5200.180380	0.000000
5205.583894	0.000000
5210.987408	0.000000
5216.390922	0.000000
5221.794436	0.000000
5227.197949	0.000000
5232.601463	0.000000
5238.004977	0.000000
5243.408491	0.000000
5248.812005	0.000000
5254.215519	0.000000
5259.619033	0.000000
5265.022547	0.000000
5270.426061	0.000000
5275.829575	0.000000
5281.233088	0.000000
5286.636602	0.000000
5292.040116	0.000000
5297.443630	0.000000
5302.847144	0.000000
5308.250658	0.000000
5313.654172	0.000000
5319.057686	0.000000
5324.461200	0.000000
5329.864714	0.000000
5335.268228	0.000000
5340.671741	0.000000
5346.075255	0.000000
5351.478769	0.000000
5356.882283	0.000000
5362.285797	0.000000
5367.689311	0.000000
5373.092825	0.000000
5378.496339	0.000000
5383.899853	0.000000
5389.303367	0.000000
5394.706881	0.000000
5400.110394	0.000000
5405.513908	0.000000
5410.917422	0.000000
5416.320936	0.000000
5421.724450	0.000000
5427.127964	0.000000
5432.531478	0.000000
5437.934992	0.000000
5443.338506	0.000000
5448.742020	0.000000
5454.145534	0.000000
5459.549047	0.000000
5464.952561	0.000000
5470.356075	0.000000
5475.759589	0.000000
5481.163103	0.000000
5486.566617	0.000000
5491.970131	0.000000
5497.373645	0.000000
5502.777159	0.000000
5508.180673	0.000000
5513.584187	0.000000
5518.987700	0.000000
5524.391214	0.000000
5529.794728	0.000000
5535.198242	0.000000
5540.601756	0.000000
5546.005270	0.000000
5551.408784	0.000000
5556.812298	0.000000
5562.215812	0.000000
5567.619326	0.000000
5573.022840	0.000000
5578.426353	0.000000
5583.829867	0.000000
5589.233381	0.000000
5594.636895	0.000000
5600.040409	0.000000
5605.443923	0.000000
5610.847437	0.000000
5616.250951	0.000000
5621.654465	0.000000
5627.057979	0.000000
5632.461493	0.000000
5637.865006	0.000000
5643.268520	0.000000
5648.672034	0.000000
5654.075548	0.000000
5659.479062	0.000000
5664.882576	0.000000
5670.286090	0.000000
5675.689604	0.000000
5681.093118	0.000000
5686.496632	0.000000
5691.900146	0.000000
5697.303659	0.000000
5702.707173	0.000000
5708.110687	0.000000
5713.514201	0.000000
5718.917715	0.000000
5724.321229	0.000000
5729.724743	0.000000
5735.128257	0.000000
5740.531771	0.000000
5745.935285	0.000000
5751.338799	0.000000
5756.742312	0.000000
5762.145826	0.000000
5767.549340	0.000000
5772.952854	0.000000
5778.356368	0.000000
5783.759882	0.000000
5789.163396	0.000000
5794.566910	0.000000
5799.970424	0.000000
5805.373938	0.000000
5810.777452	0.000000
5816.180965	0.000000
5821.584479	0.000000
5826.987993	0.000000
5832.391507	0.000000
5837.795021	0.000000
5843.198535	0.000000
5848.602049	0.000000
5854.005563	0.000000
5859.409077	0.000000
5864.812591	0.000000
5870.216105	0.000000
5875.619618	0.000000
5881.023132	0.000000
5886.426646	0.000000
5891.830160	0.000000
5897.233674	0.000000
5902.637188	0.000000
5908.040702	0.000000
5913.444216	0.000000
5918.847730	0.000000
5924.251244	0.000000
5929.654757	0.000000
5935.058271	0.000000
5940.461785	0.000000
5945.865299	0.000000
5951.268813	0.000000
5956.672327	0.000000
5962.075841	0.000000
5967.479355	0.000000
5972.882869	0.000000
5978.286383	0.000000
5983.689897	0.000000
5989.093410	0.000000
5994.496924	0.000000
5999.900438	0.000000
6005.303952	0.000000
6010.707466	0.000000
6016.110980	0.000000
6021.514494	0.000000
6026.918008	0.000000
6032.321522	0.000000
6037.725036	0.000000
6043.128550	0.000000
6048.532063	0.000000
6053.935577	0.000000
6059.339091	0.000000
6064.742605	0.000000
6070.146119	0.000000
6075.549633	0.000000
6080.953147	0.000000
6086.356661	0.000000
6091.760175	0.000000
6097.163689	0.000000
6102.567203	0.000000
6107.970716	0.000000
6113.374230	0.000000
6118.777744	0.000000
6124.181258	0.000000
6129.584772	0.000000
6134.988286	0.000000
6140.391800	0.000000
6145.795314	0.000000
6151.198828	0.000000
6156.602342	0.000000
6162.005856	0.000000
6167.409369	0.000000
6172.812883	0.000000
6178.216397	0.000000
6183.619911	0.000000
6189.023425	0.000000
6194.426939	0.000000
6199.830453	0.000000
6205.233967	0.000000
6210.637481	0.000000
6216.040995	0.000000
6221.444509	0.000000
6226.848022	0.000000
6232.251536	0.000000
6237.655050	0.000000
6243.058564	0.000000
6248.462078	0.000000
6253.865592	0.000000
6259.269106	0.000000
6264.672620	0.000000
6270.076134	0.000000
6275.479648	0.000000
6280.883162	0.000000
6286.286675	0.000000
6291.690189	0.000000
6297.093703	0.000000
6302.497217	0.000000
6307.900731	0.000000
6313.304245	0.000000
6318.707759	0.000000
6324.111273	0.000000
6329.514787	0.000000
6334.918301	0.000000
6340.321815	0.000000
6345.725328	0.000000
6351.128842	0.000000
6356.532356	0.000000
6361.935870	0.000000
6367.339384	0.000000
6372.742898	0.000000
6378.146412	0.000000
6383.549926	0.000000
6388.953440	0.000000
6394.356954	0.000000
6399.760468	0.000000
6405.163981	0.000000
6410.567495	0.000000
6415.971009	0.000000
6421.374523	0.000000
6426.778037	0.000000
6432.181551	0.000000
6437.585065	0.000000
6442.988579	0.000000
6448.392093	0.000000
6453.795607	0.000000
6459.199121	0.000000
6464.602634	0.000000
6470.006148	0.000000
6475.409662	0.000000
6480.813176	0.000000
6486.216690	0.000000
6491.620204	0.000000
6497.023718	0.000000
6502.427232	0.000000
6507.830746	0.000000
6513.234260	0.000000
6518.637774	0.000000
6524.041287	0.000000
6529.444801	0.000000
6534.848315	0.000000
6540.251829	0.000000
6545.655343	0.000000
6551.058857	0.000000
6556.462371	0.000000
6561.865885	0.000000
6567.269399	0.000000
6572.672913	0.000000
6578.076427	0.000000
6583.479940	0.000000
6588.883454	0.000000
6594.286968	0.000000
6599.690482	0.000000
6605.093996	0.000000
6610.497510	0.000000
6615.901024	0.000000
6621.304538	0.000000
6626.708052	0.000000
6632.111566	0.000000
6637.515079	0.000000
6642.918593	0.000000
6648.322107	0.000000
6653.725621	0.000000
6659.129135	0.000000
6664.532649	0.000000
6669.936163	0.000000
6675.339677	0.000000
6680.743191	0.000000
6686.146705	0.000000
6691.550219	0.000000
6696.953732	0.000000
6702.357246	0.000000
6707.760760	0.000000
6713.164274	0.000000
6718.567788	0.000000
6723.971302	0.000000
6729.374816	0.000000
6734.778330	0.000000
6740.181844	0.000000
6745.585358	0.000000
6750.988872	0.000000
6756.392385	0.000000
6761.795899	0.000000
6767.199413	0.000000
6772.602927	0.000000
6778.006441	0.000000
6783.409955	0.000000
6788.813469	0.000000
6794.216983	0.000000
6799.620497	0.000000
6805.024011	0.000000
6810.427525	0.000000
6815.831038	0.000000
6821.234552	0.000000
6826.638066	0.000000
6832.041580	0.000000
6837.445094	0.000000
6842.848608	0.000000
6848.252122	0.000000
6853.655636	0.000000
6859.059150	0.000000
6864.462664	0.000000
6869.866178	0.000000
6875.269691	0.000000
6880.673205	0.000000
6886.076719	0.000000
6891.480233	0.000000
6896.883747	0.000000
6902.287261	0.000000
6907.690775	0.000000
6913.094289	0.000000
6918.497803	0.000000
6923.901317	0.000000
6929.304831	0.000000
6934.708344	0.000000
6940.111858	0.000000
6945.515372	0.000000
6950.918886	0.000000
6956.322400	0.000000
6961.725914	0.000000
6967.129428	0.000000
6972.532942	0.000000
6977.936456	0.000000
6983.339970	0.000000
6988.743484	0.000000
6994.146997	0.000000
6999.550511	0.000000
7004.954025	0.000000
7010.357539	0.000000
7015.761053	0.000000
7021.164567	0.000000
7026.568081	0.000000
7031.971595	0.000000
7037.375109	0.000000
7042.778623	0.000000
7048.182137	0.000000
7053.585650	0.000000
7058.989164	0.000000
7064.392678	0.000000
7069.796192	0.000000
7075.199706	0.000000
7080.603220	0.000000
7086.006734	0.000000
7091.410248	0.000000
7096.813762	0.000000
7102.217276	0.000000
7107.620790	0.000000
7113.024303	0.000000
7118.427817	0.000000
7123.831331	0.000000
7129.234845	0.000000
7134.638359	0.000000
7140.041873	0.000000
7145.445387	0.000000
7150.848901	0.000000
7156.252415	0.000000
7161.655929	0.000000
7167.059443	0.000000
7172.462956	0.000000
7177.866470	0.000000
7183.269984	0.000000
7188.673498	0.000000
7194.077012	0.000000
7199.480526	0.000000
7204.884040	0.000000
7210.287554	0.000000
7215.691068	0.000000
7221.094582	0.000000
7226.498096	0.000000
7231.901609	0.000000
7237.305123	0.000000
7242.708637	0.000000
7248.112151	0.000000
7253.515665	0.000000
7258.919179	0.000000
7264.322693	0.000000
7269.726207	0.000000
7275.129721	0.000000
7280.533235	0.000000
7285.936749	0.000000
7291.340262	0.000000
7296.743776	0.000000
7302.147290	0.000000
7307.550804	0.000000
7312.954318	0.000000
7318.357832	0.000000
7323.761346	0.000000
7329.164860	0.000000
7334.568374	0.000000
7339.971888	0.000000
7345.375401	0.000000
7350.778915	0.000000
7356.182429	0.000000
7361.585943	0.000000
7366.989457	0.000000
7372.392971	0.000000
7377.796485	0.000000
7383.199999	0.000000
7388.603513	0.000000
7394.007027	0.000000
7399.410541	0.000000
7404.814054	0.000000
7410.217568	0.000000
7415.621082	0.000000
7421.024596	0.000000
7426.428110	0.000000
7431.831624	0.000000
7437.235138	0.000000
7442.638652	0.000000
7448.042166	0.000000
7453.445680	0.000000
7458.849194	0.000000
7464.252707	0.000000
7469.656221	0.000000
7475.059735	0.000000
7480.463249	0.000000
7485.866763	0.000000
7491.270277	0.000000
7496.673791	0.000000
7502.077305	0.000000
7507.480819	0.000000
7512.884333	0.000000
7518.287847	0.000000
7523.691360	0.000000
7529.094874	0.000000
7534.498388	0.000000
7539.901902	0.000000
7545.305416	0.000000
7550.708930	0.000000
7556.112444	0.000000
7561.515958	0.000000
7566.919472	0.000000
7572.322986	0.000000
7577.726500	0.000000
7583.130013	0.000000
7588.533527	0.000000
7593.937041	0.000000
7599.340555	0.000000
7604.744069	0.000000
7610.147583	0.000000
7615.551097	0.000000
7620.954611	0.000000
7626.358125	0.000000
7631.761639	0.000000
7637.165153	0.000000
7642.568666	0.000000
7647.972180	0.000000
7653.375694	0.000000
7658.779208	0.000000
7664.182722	0.000000
7669.586236	0.000000
7674.989750	0.000000
7680.393264	0.000000
7685.796778	0.000000
7691.200292	0.000000
7696.603806	0.000000
7702.007319	0.000000
7707.410833	0.000000
7712.814347	0.000000
7718.217861	0.000000
7723.621375	0.000000
7729.024889	0.000000
7734.428403	0.000000
7739.831917	0.000000
7745.235431	0.000000
7750.638945	0.000000
7756.042459	0.000000
7761.445972	0.000000
7766.849486	0.000000
7772.253000	0.000000
7777.656514	0.000000
7783.060028	0.000000
7788.463542	0.000000
7793.867056	0.000000
7799.270570	0.000000
7804.674084	0.000000
7810.077598	0.000000
7815.481112	0.000000
7820.884625	0.000000
7826.288139	0.000000
7831.691653	0.000000
7837.095167	0.000000
7842.498681	0.000000
7847.902195	0.000000
7853.305709	0.000000
7858.709223	0.000000
7864.112737	0.000000
7869.516251	0.000000
7874.919765	0.000000
7880.323278	0.000000
7885.726792	0.000000
7891.130306	0.000000
7896.533820	0.000000
7901.937334	0.000000
7907.340848	0.000000
7912.744362	0.000000
7918.147876	0.000000
7923.551390	0.000000
7928.954904	0.000000
7934.358418	0.000000
7939.761931	0.000000
7945.165445	0.000000
7950.568959	0.000000
7955.972473	0.000000
7961.375987	0.000000
7966.779501	0.000000
7972.183015	0.000000
7977.586529	0.000000
7982.990043	0.000000
7988.393557	0.000000
7993.797071	0.000000
7999.200584	0.000000
8004.604098	0.000000
8010.007612	0.000000
8015.411126	0.000000
8020.814640	0.000000
8026.218154	0.000000
8031.621668	0.000000
8037.025182	0.000000
8042.428696	0.000000
8047.832210	0.000000
8053.235723	0.000000
8058.639237	0.000000
8064.042751	0.000000
8069.446265	0.000000
8074.849779	0.000000
8080.253293	0.000000
8085.656807	0.000000
8091.060321	0.000000
8096.463835	0.000000
8101.867349	0.000000
8107.270863	0.000000
8112.674376	0.000000
8118.077890	0.000000
8123.481404	0.000000
8128.884918	0.000000
8134.288432	0.000000
8139.691946	0.000000
8145.095460	0.000000
8150.498974	0.000000
8155.902488	0.000000
8161.306002	0.000000
8166.709516	0.000000
8172.113029	0.000000
8177.516543	0.000000
8182.920057	0.000000
8188.323571	0.000000
8193.727085	0.000000
8199.130599	0.000000
8204.534113	0.000000
8209.937627	0.000000
8215.341141	0.000000
8220.744655	0.000000
8226.148169	0.000000
8231.551682	0.000000
8236.955196	0.000000
8242.358710	0.000000
8247.762224	0.000000
8253.165738	0.000000
8258.569252	0.000000
8263.972766	0.000000
8269.376280	0.000000
8274.779794	0.000000
8280.183308	0.000000
8285.586822	0.000000
8290.990335	0.000000
8296.393849	0.000000
8301.797363	0.000000
8307.200877	0.000000
8312.604391	0.000000
8318.007905	0.000000
8323.411419	0.000000
8328.814933	0.000000
8334.218447	0.000000
8339.621961	0.000000
8345.025475	0.000000
8350.428988	0.000000
8355.832502	0.000000
8361.236016	0.000000
8366.639530	0.000000
8372.043044	0.000000
8377.446558	0.000000
8382.850072	0.000000
8388.253586	0.000000
8393.657100	0.000000
8399.060614	0.000000
8404.464128	0.000000
8409.867641	0.000000
8415.271155	0.000000
8420.674669	0.000000
8426.078183	0.000000
8431.481697	0.000000
8436.885211	0.000000
8442.288725	0.000000
8447.692239	0.000000
8453.095753	0.000000
8458.499267	0.000000
8463.902781	0.000000
8469.306294	0.000000
8474.709808	0.000000
8480.113322	0.000000
8485.516836	0.000000
8490.920350	0.000000
8496.323864	0.000000
8501.727378	0.000000
8507.130892	0.000000
8512.534406	0.000000
8517.937920	0.000000
8523.341434	0.000000
8528.744947	0.000000
8534.148461	0.000000
8539.551975	0.000000
8544.955489	0.000000
8550.359003	0.000000
8555.762517	0.000000
8561.166031	0.000000
8566.569545	0.000000
8571.973059	0.000000
8577.376573	0.000000
8582.780087	0.000000
8588.183600	0.000000
8593.587114	0.000000
8598.990628	0.000000
8604.394142	0.000000
8609.797656	0.000000
8615.201170	0.000000
8620.604684	0.000000
8626.008198	0.000000
8631.411712	0.000000
8636.815226	0.000000
8642.218740	0.000000
8647.622253	0.000000
8653.025767	0.000000
8658.429281	0.000000
8663.832795	0.000000
8669.236309	0.000000
8674.639823	0.000000
8680.043337	0.000000
8685.446851	0.000000
8690.850365	0.000000
8696.253879	0.000000
8701.657393	0.000000
8707.060906	0.000000
8712.464420	0.000000
8717.867934	0.000000
8723.271448	0.000000
8728.674962	0.000000
8734.078476	0.000000
8739.481990	0.000000
8744.885504	0.000000
8750.289018	0.000000
8755.692532	0.000000
8761.096045	0.000000
8766.499559	0.000000
8771.903073	0.000000
8777.306587	0.000000
8782.710101	0.000000
8788.113615	0.000000
8793.517129	0.000000
8798.920643	0.000000
8804.324157	0.000000
8809.727671	0.000000
8815.131185	0.000000
8820.534698	0.000000
8825.938212	0.000000
8831.341726	0.000000
8836.745240	0.000000
8842.148754	0.000000
8847.552268	0.000000
8852.955782	0.000000
8858.359296	0.000000
8863.762810	0.000000
8869.166324	0.000000
8874.569838	0.000000
8879.973351	0.000000
8885.376865	0.000000
8890.780379	0.000000
8896.183893	0.000000
8901.587407	0.000000
8906.990921	0.000000
8912.394435	0.000000
8917.797949	0.000000
8923.201463	0.000000
8928.604977	0.000000
8934.008491	0.000000
8939.412004	0.000000
8944.815518	0.000000
8950.219032	0.000000
8955.622546	0.000000
8961.026060	0.000000
8966.429574	0.000000
8971.833088	0.000000
8977.236602	0.000000
8982.640116	0.000000
8988.043630	0.000000
8993.447144	0.000000
8998.850657	0.000000
9004.254171	0.000000
9009.657685	0.000000
9015.061199	0.000000
9020.464713	0.000000
9025.868227	0.000000
9031.271741	0.000000
9036.675255	0.000000
9042.078769	0.000000
9047.482283	0.000000
9052.885797	0.000000
9058.289310	0.000000
9063.692824	0.000000
9069.096338	0.000000
9074.499852	0.000000
9079.903366	0.000000
9085.306880	0.000000
9090.710394	0.000000
9096.113908	0.000000
9101.517422	0.000000
9106.920936	0.000000
9112.324450	0.000000
9117.727963	0.000000
9123.131477	0.000000
9128.534991	0.000000
9133.938505	0.000000
9139.342019	0.000000
9144.745533	0.000000
9150.149047	0.000000
9155.552561	0.000000
9160.956075	0.000000
9166.359589	0.000000
9171.763103	0.000000
9177.166616	0.000000
9182.570130	0.000000
9187.973644	0.000000
9193.377158	0.000000
9198.780672	0.000000
9204.184186	0.000000
9209.587700	0.000000
9214.991214	0.000000
9220.394728	0.000000
9225.798242	0.000000
9231.201756	0.000000
9236.605269	0.000000
9242.008783	0.000000
9247.412297	0.000000
9252.815811	0.000000
9258.219325	0.000000
9263.622839	0.000000
9269.026353	0.000000
9274.429867	0.000000
9279.833381	0.000000
9285.236895	0.000000
9290.640409	0.000000
9296.043922	0.000000
9301.447436	0.000000
9306.850950	0.000000
9312.254464	0.000000
9317.657978	0.000000
9323.061492	0.000000
9328.465006	0.000000
9333.868520	0.000000
9339.272034	0.000000
9344.675548	0.000000
9350.079062	0.000000
9355.482575	0.000000
9360.886089	0.000000
9366.289603	0.000000
9371.693117	0.000000
9377.096631	0.000000
9382.500145	0.000000
9387.903659	0.000000
9393.307173	0.000000
9398.710687	0.000000
9404.114201	0.000000
9409.517715	0.000000
9414.921228	0.000000
9420.324742	0.000000
9425.728256	0.000000
9431.131770	0.000000
9436.535284	0.000000
9441.938798	0.000000
9447.342312	0.000000
9452.745826	0.000000
9458.149340	0.000000
9463.552854	0.000000
9468.956367	0.000000
9474.359881	0.000000
9479.763395	0.000000
9485.166909	0.000000
9490.570423	0.000000
9495.973937	0.000000
9501.377451	0.000000
9506.780965	0.000000
9512.184479	0.000000
9517.587993	0.000000
9522.991507	0.000000
9528.395020	0.000000
9533.798534	0.000000
9539.202048	0.000000
9544.605562	0.000000
9550.009076	0.000000
9555.412590	0.000000
9560.816104	0.000000
9566.219618	0.000000
9571.623132	0.000000
9577.026646	0.000000
9582.430160	0.000000
9587.833673	0.000000
9593.237187	0.000000
9598.640701	0.000000
9604.044215	0.000000
9609.447729	0.000000
9614.851243	0.000000
9620.254757	0.000000
9625.658271	0.000000
9631.061785	0.000000
9636.465299	0.000000
9641.868813	0.000000
9647.272326	0.000000
9652.675840	0.000000
9658.079354	0.000000
9663.482868	0.000000
9668.886382	0.000000
9674.289896	0.000000
9679.693410	0.000000
9685.096924	0.000000
9690.500438	0.000000
9695.903952	0.000000
9701.307466	0.000000
9706.710979	0.000000
9712.114493	0.000000
9717.518007	0.000000
9722.921521	0.000000
9728.325035	0.000000
9733.728549	0.000000
9739.132063	0.000000
9744.535577	0.000000
9749.939091	0.000000
9755.342605	0.000000
9760.746119	0.000000
9766.149632	0.000000
9771.553146	0.000000
9776.956660	0.000000
9782.360174	0.000000
9787.763688	0.000000
9793.167202	0.000000
9798.570716	0.000000
9803.974230	0.000000
9809.377744	0.000000
9814.781258	0.000000
9820.184772	0.000000
9825.588285	0.000000
9830.991799	0.000000
9836.395313	0.000000
9841.798827	0.000000
9847.202341	0.000000
9852.605855	0.000000
9858.009369	0.000000
9863.412883	0.000000
9868.816397	0.000000
9874.219911	0.000000
9879.623425	0.000000
9885.026938	0.000000
9890.430452	0.000000
9895.833966	0.000000
9901.237480	0.000000
9906.640994	0.000000
9912.044508	0.000000
9917.448022	0.000000
9922.851536	0.000000
9928.255050	0.000000
9933.658564	0.000000
9939.062078	0.000000
9944.465591	0.000000
9949.869105	0.000000
9955.272619	0.000000
9960.676133	0.000000
9966.079647	0.000000
9971.483161	0.000000
9976.886675	0.000000
9982.290189	0.000000
9987.693703	0.000000
9993.097217	0.000000
9998.500731	0.000000
10003.904244	0.000000
10009.307758	0.000000
10014.711272	0.000000
10020.114786	0.000000
10025.518300	0.000000
10030.921814	0.000000
10036.325328	0.000000
10041.728842	0.000000
10047.132356	0.000000
10052.535870	0.000000
10057.939384	0.000000
10063.342897	0.000000
10068.746411	0.000000
10074.149925	0.000000
10079.553439	0.000000
10084.956953	0.000000
10090.360467	0.000000
10095.763981	0.000000
10101.167495	0.000000
10106.571009	0.000000
10111.974523	0.000000
10117.378036	0.000000
10122.781550	0.000000
10128.185064	0.000000
10133.588578	0.000000
10138.992092	0.000000
10144.395606	0.000000
10149.799120	0.000000
10155.202634	0.000000
10160.606148	0.000000
10166.009662	0.000000
10171.413176	0.000000
10176.816689	0.000000
10182.220203	0.000000
10187.623717	0.000000
10193.027231	0.000000
10198.430745	0.000000
10203.834259	0.000000
10209.237773	0.000000
10214.641287	0.000000
10220.044801	0.000000
10225.448315	0.000000
10230.851829	0.000000
10236.255342	0.000000
10241.658856	0.000000
10247.062370	0.000000
10252.465884	0.000000
10257.869398	0.000000
10263.272912	0.000000
10268.676426	0.000000
10274.079940	0.000000
10279.483454	0.000000
10284.886968	0.000000
10290.290482	0.000000
10295.693995	0.000000
10301.097509	0.000000
10306.501023	0.000000
10311.904537	0.000000
10317.308051	0.000000
10322.711565	0.000000
10328.115079	0.000000
10333.518593	0.000000
10338.922107	0.000000
10344.325621	0.000000
10349.729135	0.000000
10355.132648	0.000000
10360.536162	0.000000
10365.939676	0.000000
10371.343190	0.000000
10376.746704	0.000000
10382.150218	0.000000
10387.553732	0.000000
10392.957246	0.000000
10398.360760	0.000000
10403.764274	0.000000
10409.167788	0.000000
10414.571301	0.000000
10419.974815	0.000000
10425.378329	0.000000
10430.781843	0.000000
10436.185357	0.000000
10441.588871	0.000000
10446.992385	0.000000
10452.395899	0.000000
10457.799413	0.000000
10463.202927	0.000000
10468.606441	0.000000
10474.009954	0.000000
10479.413468	0.000000
10484.816982	0.000000
10490.220496	0.000000
10495.624010	0.000000
10501.027524	0.000000
10506.431038	0.000000
10511.834552	0.000000
10517.238066	0.000000
10522.641580	0.000000
10528.045094	0.000000
10533.448607	0.000000
10538.852121	0.000000
10544.255635	0.000000
10549.659149	0.000000
10555.062663	0.000000
10560.466177	0.000000
10565.869691	0.000000
10571.273205	0.000000
10576.676719	0.000000
10582.080233	0.000000
10587.483747	0.000000
10592.887260	0.000000
10598.290774	0.000000
10603.694288	0.000000
10609.097802	0.000000
10614.501316	0.000000
10619.904830	0.000000
10625.308344	0.000000
10630.711858	0.000000
10636.115372	0.000000
10641.518886	0.000000
10646.922400	0.000000
10652.325913	0.000000
10657.729427	0.000000
10663.132941	0.000000
10668.536455	0.000000
10673.939969	0.000000
10679.343483	0.000000
10684.746997	0.000000
10690.150511	0.000000
10695.554025	0.000000
10700.957539	0.000000
10706.361053	0.000000
10711.764566	0.000000
10717.168080	0.000000
10722.571594	0.000000
10727.975108	0.000000
10733.378622	0.000000
10738.782136	0.000000
10744.185650	0.000000
10749.589164	0.000000
10754.992678	0.000000
10760.396192	0.000000
10765.799706	0.000000
10771.203219	0.000000
10776.606733	0.000000
10782.010247	0.000000
10787.413761	0.000000
10792.817275	0.000000
10798.220789	0.000000
10803.624303	0.000000
10809.027817	0.000000
10814.431331	0.000000
10819.834845	0.000000
10825.238358	0.000000
10830.641872	0.000000
10836.045386	0.000000
10841.448900	0.000000
10846.852414	0.000000
10852.255928	0.000000
10857.659442	0.000000
10863.062956	0.000000
10868.466470	0.000000
10873.869984	0.000000
10879.273498	0.000000
10884.677011	0.000000
10890.080525	0.000000
10895.484039	0.000000
10900.887553	0.000000
10906.291067	0.000000
10911.694581	0.000000
10917.098095	0.000000
10922.501609	0.000000
10927.905123	0.000000
10933.308637	0.000000
10938.712151	0.000000
10944.115664	0.000000
10949.519178	0.000000
10954.922692	0.000000
10960.326206	0.000000
10965.729720	0.000000
10971.133234	0.000000
10976.536748	0.000000
10981.940262	0.000000
10987.343776	0.000000
10992.747290	0.000000
10998.150804	0.000000
11003.554317	0.000000
11008.957831	0.000000
11014.361345	0.000000
11019.764859	0.000000
11025.168373	0.000000
11030.571887	0.000000
11035.975401	0.000000
11041.378915	0.000000
11046.782429	0.000000
11052.185943	0.000000
11057.589457	0.000000
11062.992970	0.000000
11068.396484	0.000000
11073.799998	0.000000
11079.203512	0.000000
11084.607026	0.000000
11090.010540	0.000000
11095.414054	0.000000
11100.817568	0.000000
11106.221082	0.000000
11111.624596	0.000000
11117.028110	0.000000
11122.431623	0.000000
11127.835137	0.000000
11133.238651	0.000000
11138.642165	0.000000
11144.045679	0.000000
11149.449193	0.000000
11154.852707	0.000000
11160.256221	0.000000
11165.659735	0.000000
11171.063249	0.000000
11176.466763	0.000000
11181.870276	0.000000
11187.273790	0.000000
11192.677304	0.000000
11198.080818	0.000000
11203.484332	0.000000
11208.887846	0.000000
11214.291360	0.000000
11219.694874	0.000000
11225.098388	0.000000
11230.501902	0.000000
11235.905416	0.000000
11241.308929	0.000000
11246.712443	0.000000
11252.115957	0.000000
11257.519471	0.000000
11262.922985	0.000000
11268.326499	0.000000
11273.730013	0.000000
11279.133527	0.000000
11284.537041	0.000000
11289.940555	0.000000
11295.344069	0.000000
11300.747582	0.000000
11306.151096	0.000000
11311.554610	0.000000
11316.958124	0.000000
11322.361638	0.000000
11327.765152	0.000000
11333.168666	0.000000
11338.572180	0.000000
11343.975694	0.000000
11349.379208	0.000000
11354.782722	0.000000
11360.186235	0.000000
11365.589749	0.000000
11370.993263	0.000000
11376.396777	0.000000
11381.800291	0.000000
11387.203805	0.000000
11392.607319	0.000000
11398.010833	0.000000
11403.414347	0.000000
11408.817861	0.000000
11414.221375	0.000000
11419.624888	0.000000
11425.028402	0.000000
11430.431916	0.000000
11435.835430	0.000000
11441.238944	0.000000
11446.642458	0.000000
11452.045972	0.000000
11457.449486	0.000000
11462.853000	0.000000
11468.256514	0.000000
11473.660028	0.000000
11479.063541	0.000000
11484.467055	0.000000
11489.870569	0.000000
11495.274083	0.000000
11500.677597	0.000000
11506.081111	0.000000
11511.484625	0.000000
11516.888139	0.000000
11522.291653	0.000000
11527.695167	0.000000
11533.098680	0.000000
11538.502194	0.000000
11543.905708	0.000000
11549.309222	0.000000
11554.712736	0.000000
11560.116250	0.000000
11565.519764	0.000000
11570.923278	0.000000
11576.326792	0.000000
11581.730306	0.000000
11587.133820	0.000000
11592.537333	0.000000
11597.940847	0.000000
11603.344361	0.000000
11608.747875	0.000000
11614.151389	0.000000
11619.554903	0.000000
11624.958417	0.000000
11630.361931	0.000000
11635.765445	0.000000
11641.168959	0.000000
11646.572473	0.000000
11651.975986	0.000000
11657.379500	0.000000
11662.783014	0.000000
11668.186528	0.000000
11673.590042	0.000000
11678.993556	0.000000
11684.397070	0.000000
11689.800584	0.000000
11695.204098	0.000000
11700.607612	0.000000
11706.011126	0.000000
11711.414639	0.000000
11716.818153	0.000000
11722.221667	0.000000
11727.625181	0.000000
11733.028695	0.000000
11738.432209	0.000000
11743.835723	0.000000
11749.239237	0.000000
11754.642751	0.000000
11760.046265	0.000000
11765.449779	0.000000
11770.853292	0.000000
11776.256806	0.000000
11781.660320	0.000000
11787.063834	0.000000
11792.467348	0.000000
11797.870862	0.000000
11803.274376	0.000000
11808.677890	0.000000
11814.081404	0.000000
11819.484918	0.000000
11824.888432	0.000000
11830.291945	0.000000
11835.695459	0.000000
11841.098973	0.000000
11846.502487	0.000000
11851.906001	0.000000
11857.309515	0.000000
11862.713029	0.000000
11868.116543	0.000000
11873.520057	0.000000
11878.923571	0.000000
11884.327085	0.000000
11889.730598	0.000000
11895.134112	0.000000
11900.537626	0.000000
11905.941140	0.000000
11911.344654	0.000000
11916.748168	0.000000
11922.151682	0.000000
11927.555196	0.000000
11932.958710	0.000000
11938.362224	0.000000
11943.765738	0.000000
11949.169251	0.000000
11954.572765	0.000000
11959.976279	0.000000
11965.379793	0.000000
11970.783307	0.000000
11976.186821	0.000000
11981.590335	0.000000
11986.993849	0.000000
11992.397363	0.000000
11997.800877	0.000000
12003.204391	0.000000
12008.607904	0.000000
12014.011418	0.000000
12019.414932	0.000000
12024.818446	0.000000
12030.221960	0.000000
12035.625474	0.000000
12041.028988	0.000000
12046.432502	0.000000
12051.836016	0.000000
12057.239530	0.000000
12062.643044	0.000000
12068.046557	0.000000
12073.450071	0.000000
12078.853585	0.000000
12084.257099	0.000000
12089.660613	0.000000
12095.064127	0.000000
12100.467641	0.000000
12105.871155	0.000000
12111.274669	0.000000
12116.678183	0.000000
12122.081697	0.000000
12127.485210	0.000000
12132.888724	0.000000
12138.292238	0.000000
12143.695752	0.000000
12149.099266	0.000000
12154.502780	0.000000
12159.906294	0.000000
12165.309808	0.000000
12170.713322	0.000000
12176.116836	0.000000
12181.520350	0.000000
12186.923863	0.000000
12192.327377	0.000000
12197.730891	0.000000
12203.134405	0.000000
12208.537919	0.000000
12213.941433	0.000000
12219.344947	0.000000
12224.748461	0.000000
12230.151975	0.000000
12235.555489	0.000000
12240.959002	0.000000
12246.362516	0.000000
12251.766030	0.000000
12257.169544	0.000000
12262.573058	0.000000
12267.976572	0.000000
12273.380086	0.000000
12278.783600	0.000000
12284.187114	0.000000
12289.590628	0.000000
12294.994142	0.000000
12300.397655	0.000000
12305.801169	0.000000
12311.204683	0.000000
12316.608197	0.000000
12322.011711	0.000000
12327.415225	0.000000
12332.818739	0.000000
12338.222253	0.000000
12343.625767	0.000000
12349.029281	0.000000
12354.432795	0.000000
12359.836308	0.000000
12365.239822	0.000000
12370.643336	0.000000
12376.046850	0.000000
12381.450364	0.000000
12386.853878	0.000000
12392.257392	0.000000
12397.660906	0.000000
12403.064420	0.000000
12408.467934	0.000000
12413.871448	0.000000
12419.274961	0.000000
12424.678475	0.000000
12430.081989	0.000000
12435.485503	0.000000
12440.889017	0.000000
12446.292531	0.000000
12451.696045	0.000000
12457.099559	0.000000
12462.503073	0.000000
12467.906587	0.000000
12473.310101	0.000000
12478.713614	0.000000
12484.117128	0.000000
12489.520642	0.000000
12494.924156	0.000000
12500.327670	0.000000
12505.731184	0.000000
12511.134698	0.000000
12516.538212	0.000000
12521.941726	0.000000
12527.345240	0.000000
12532.748754	0.000000
12538.152267	0.000000
12543.555781	0.000000
12548.959295	0.000000
12554.362809	0.000000
12559.766323	0.000000
12565.169837	0.000000
12570.573351	0.000000
12575.976865	0.000000
12581.380379	0.000000
12586.783893	0.000000
12592.187407	0.000000
12597.590920	0.000000
12602.994434	0.000000
12608.397948	0.000000
12613.801462	0.000000
12619.204976	0.000000
12624.608490	0.000000
12630.012004	0.000000
12635.415518	0.000000
12640.819032	0.000000
12646.222546	0.000000
12651.626060	0.000000
12657.029573	0.000000
12662.433087	0.000000
12667.836601	0.000000
12673.240115	0.000000
12678.643629	0.000000
12684.047143	0.000000
12689.450657	0.000000
12694.854171	0.000000
12700.257685	0.000000
12705.661199	0.000000
12711.064713	0.000000
12716.468226	0.000000
12721.871740	0.000000
12727.275254	0.000000
12732.678768	0.000000
12738.082282	0.000000
12743.485796	0.000000
12748.889310	0.000000
12754.292824	0.000000
12759.696338	0.000000
12765.099852	0.000000
12770.503366	0.000000
12775.906879	0.000000
12781.310393	0.000000
12786.713907	0.000000
12792.117421	0.000000
12797.520935	0.000000
12802.924449	0.000000
12808.327963	0.000000
12813.731477	0.000000
12819.134991	0.000000
12824.538505	0.000000
12829.942019	0.000000
12835.345532	0.000000
12840.749046	0.000000
12846.152560	0.000000
12851.556074	0.000000
12856.959588	0.000000
12862.363102	0.000000
12867.766616	0.000000
12873.170130	0.000000
12878.573644	0.000000
12883.977158	0.000000
12889.380672	0.000000
12894.784185	0.000000
12900.187699	0.000000
12905.591213	0.000000
12910.994727	0.000000
12916.398241	0.000000
12921.801755	0.000000
12927.205269	0.000000
12932.608783	0.000000
12938.012297	0.000000
12943.415811	0.000000
12948.819324	0.000000
12954.222838	0.000000
12959.626352	0.000000
12965.029866	0.000000
12970.433380	0.000000
12975.836894	0.000000
12981.240408	0.000000
12986.643922	0.000000
12992.047436	0.000000
12997.450950	0.000000
13002.854464	0.000000
13008.257977	0.000000
13013.661491	0.000000
13019.065005	0.000000
13024.468519	0.000000
13029.872033	0.000000
13035.275547	0.000000
13040.679061	0.000000
13046.082575	0.000000
13051.486089	0.000000
13056.889603	0.000000
13062.293117	0.000000
13067.696630	0.000000
13073.100144	0.000000
13078.503658	0.000000
13083.907172	0.000000
13089.310686	0.000000
13094.714200	0.000000
13100.117714	0.000000
13105.521228	0.000000
13110.924742	0.000000
13116.328256	0.000000
13121.731770	0.000000
13127.135283	0.000000
13132.538797	0.000000
13137.942311	0.000000
13143.345825	0.000000
13148.749339	0.000000
13154.152853	0.000000
13159.556367	0.000000
13164.959881	0.000000
13170.363395	0.000000
13175.766909	0.000000
13181.170423	0.000000
13186.573936	0.000000
13191.977450	0.000000
13197.380964	0.000000
13202.784478	0.000000
13208.187992	0.000000
13213.591506	0.000000
13218.995020	0.000000
13224.398534	0.000000
13229.802048	0.000000
13235.205562	0.000000
13240.609076	0.000000
13246.012589	0.000000
13251.416103	0.000000
13256.819617	0.000000
13262.223131	0.000000
13267.626645	0.000000
13273.030159	0.000000
13278.433673	0.000000
13283.837187	0.000000
13289.240701	0.000000
13294.644215	0.000000
13300.047729	0.000000
13305.451242	0.000000
13310.854756	0.000000
13316.258270	0.000000
13321.661784	0.000000
13327.065298	0.000000
13332.468812	0.000000
13337.872326	0.000000
13343.275840	0.000000
13348.679354	0.000000
13354.082868	0.000000
13359.486382	0.000000
13364.889895	0.000000
13370.293409	0.000000
13375.696923	0.000000
13381.100437	0.000000
13386.503951	0.000000
13391.907465	0.000000
13397.310979	0.000000
13402.714493	0.000000
13408.118007	0.000000
13413.521521	0.000000
13418.925035	0.000000
13424.328548	0.000000
13429.732062	0.000000
13435.135576	0.000000
13440.539090	0.000000
13445.942604	0.000000
13451.346118	0.000000
13456.749632	0.000000
13462.153146	0.000000
13467.556660	0.000000
13472.960174	0.000000
13478.363688	0.000000
13483.767201	0.000000
13489.170715	0.000000
13494.574229	0.000000
13499.977743	0.000000
13505.381257	0.000000
13510.784771	0.000000
13516.188285	0.000000
13521.591799	0.000000
13526.995313	0.000000
13532.398827	0.000000
13537.802341	0.000000
13543.205854	0.000000
13548.609368	0.000000
13554.012882	0.000000
13559.416396	0.000000
13564.819910	0.000000
13570.223424	0.000000
13575.626938	0.000000
13581.030452	0.000000
13586.433966	0.000000
13591.837480	0.000000
13597.240993	0.000000
13602.644507	0.000000
13608.048021	0.000000
13613.451535	0.000000
13618.855049	0.000000
13624.258563	0.000000
13629.662077	0.000000
13635.065591	0.000000
13640.469105	0.000000
13645.872619	0.000000
13651.276133	0.000000
13656.679646	0.000000
13662.083160	0.000000
13667.486674	0.000000
13672.890188	0.000000
13678.293702	0.000000
13683.697216	0.000000
13689.100730	0.000000
13694.504244	0.000000
13699.907758	0.000000
13705.311272	0.000000
13710.714786	0.000000
13716.118299	0.000000
13721.521813	0.000000
13726.925327	0.000000
13732.328841	0.000000
13737.732355	0.000000
13743.135869	0.000000
13748.539383	0.000000
13753.942897	0.000000
13759.346411	0.000000
13764.749925	0.000000
13770.153439	0.000000
13775.556952	0.000000
13780.960466	0.000000
13786.363980	0.000000
13791.767494	0.000000
13797.171008	0.000000
13802.574522	0.000000
13807.978036	0.000000
13813.381550	0.000000
13818.785064	0.000000
13824.188578	0.000000
13829.592092	0.000000
13834.995605	0.000000
13840.399119	0.000000
13845.802633	0.000000
13851.206147	0.000000
13856.609661	0.000000
13862.013175	0.000000
13867.416689	0.000000
13872.820203	0.000000
13878.223717	0.000000
13883.627231	0.000000
13889.030745	0.000000
13894.434258	0.000000
13899.837772	0.000000
13905.241286	0.000000
13910.644800	0.000000
13916.048314	0.000000
13921.451828	0.000000
13926.855342	0.000000
13932.258856	0.000000
13937.662370	0.000000
13943.065884	0.000000
13948.469398	0.000000
13953.872911	0.000000
13959.276425	0.000000
13964.679939	0.000000
13970.083453	0.000000
13975.486967	0.000000
13980.890481	0.000000
13986.293995	0.000000
13991.697509	0.000000
13997.101023	0.000000
14002.504537	0.000000
14007.908051	0.000000
14013.311564	0.000000
14018.715078	0.000000
14024.118592	0.000000
14029.522106	0.000000
14034.925620	0.000000
14040.329134	0.000000
14045.732648	0.000000
14051.136162	0.000000
14056.539676	0.000000
14061.943190	0.000000
14067.346704	0.000000
14072.750217	0.000000
14078.153731	0.000000
14083.557245	0.000000
14088.960759	0.000000
14094.364273	0.000000
14099.767787	0.000000
14105.171301	0.000000
14110.574815	0.000000
14115.978329	0.000000
14121.381843	0.000000
14126.785357	0.000000
14132.188870	0.000000
14137.592384	0.000000
14142.995898	0.000000
14148.399412	0.000000
14153.802926	0.000000
14159.206440	0.000000
14164.609954	0.000000
14170.013468	0.000000
14175.416982	0.000000
14180.820496	0.000000
14186.224010	0.000000
14191.627523	0.000000
14197.031037	0.000000
14202.434551	0.000000
14207.838065	0.000000
14213.241579	0.000000
14218.645093	0.000000
14224.048607	0.000000
14229.452121	0.000000
14234.855635	0.000000
14240.259149	0.000000
14245.662663	0.000000
14251.066176	0.000000
14256.469690	0.000000
14261.873204	0.000000
14267.276718	0.000000
14272.680232	0.000000
14278.083746	0.000000
14283.487260	0.000000
14288.890774	0.000000
14294.294288	0.000000
14299.697802	0.000000
14305.101315	0.000000
14310.504829	0.000000
14315.908343	0.000000
14321.311857	0.000000
14326.715371	0.000000
14332.118885	0.000000
14337.522399	0.000000
14342.925913	0.000000
14348.329427	0.000000
14353.732941	0.000000
14359.136455	0.000000
14364.539968	0.000000
14369.943482	0.000000
14375.346996	0.000000
14380.750510	0.000000
14386.154024	0.000000
14391.557538	0.000000
14396.961052	0.000000
14402.364566	0.000000
14407.768080	0.000000
14413.171594	0.000000
14418.575108	0.000000
14423.978621	0.000000
14429.382135	0.000000
14434.785649	0.000000
14440.189163	0.000000
14445.592677	0.000000
14450.996191	0.000000
14456.399705	0.000000
14461.803219	0.000000
14467.206733	0.000000
14472.610247	0.000000
14478.013761	0.000000
14483.417274	0.000000
14488.820788	0.000000
14494.224302	0.000000
14499.627816	0.000000
14505.031330	0.000000
14510.434844	0.000000
14515.838358	0.000000
14521.241872	0.000000
14526.645386	0.000000
14532.048900	0.000000
14537.452414	0.000000
14542.855927	0.000000
14548.259441	0.000000
14553.662955	0.000000
14559.066469	0.000000
14564.469983	0.000000
14569.873497	0.000000
14575.277011	0.000000
14580.680525	0.000000
14586.084039	0.000000
14591.487553	0.000000
14596.891067	0.000000
14602.294580	0.000000
14607.698094	0.000000
14613.101608	0.000000
14618.505122	0.000000
14623.908636	0.000000
14629.312150	0.000000
14634.715664	0.000000
14640.119178	0.000000
14645.522692	0.000000
14650.926206	0.000000
14656.329720	0.000000
14661.733233	0.000000
14667.136747	0.000000
14672.540261	0.000000
14677.943775	0.000000
14683.347289	0.000000
14688.750803	0.000000
14694.154317	0.000000
14699.557831	0.000000
14704.961345	0.000000
14710.364859	0.000000
14715.768373	0.000000
14721.171886	0.000000
14726.575400	0.000000
14731.978914	0.000000
14737.382428	0.000000
14742.785942	0.000000
14748.189456	0.000000
14753.592970	0.000000
14758.996484	0.000000
14764.399998	0.000000
14769.803512	0.000000
14775.207026	0.000000
14780.610539	0.000000
14786.014053	0.000000
14791.417567	0.000000
14796.821081	0.000000
14802.224595	0.000000
14807.628109	0.000000
14813.031623	0.000000
14818.435137	0.000000
14823.838651	0.000000
14829.242165	0.000000
14834.645679	0.000000
14840.049192	0.000000
14845.452706	0.000000
14850.856220	0.000000
14856.259734	0.000000
14861.663248	0.000000
14867.066762	0.000000
14872.470276	0.000000
14877.873790	0.000000
14883.277304	0.000000
14888.680818	0.000000
14894.084332	0.000000
14899.487845	0.000000
14904.891359	0.000000
14910.294873	0.000000
14915.698387	0.000000
14921.101901	0.000000
14926.505415	0.000000
14931.908929	0.000000
14937.312443	0.000000
14942.715957	0.000000
14948.119471	0.000000
14953.522985	0.000000
14958.926498	0.000000
14964.330012	0.000000
14969.733526	0.000000
14975.137040	0.000000
14980.540554	0.000000
14985.944068	0.000000
14991.347582	0.000000
14996.751096	0.000000
15002.154610	0.000000
15007.558124	0.000000
15012.961637	0.000000
15018.365151	0.000000
15023.768665	0.000000
15029.172179	0.000000
15034.575693	0.000000
15039.979207	0.000000
15045.382721	0.000000
15050.786235	0.000000
15056.189749	0.000000
15061.593263	0.000000
15066.996777	0.000000
15072.400290	0.000000
15077.803804	0.000000
15083.207318	0.000000
15088.610832	0.000000
15094.014346	0.000000
15099.417860	0.000000
15104.821374	0.000000
15110.224888	0.000000
15115.628402	0.000000
15121.031916	0.000000
15126.435430	0.000000
15131.838943	0.000000
15137.242457	0.000000
15142.645971	0.000000
15148.049485	0.000000
15153.452999	0.000000
15158.856513	0.000000
15164.260027	0.000000
15169.663541	0.000000
15175.067055	0.000000
15180.470569	0.000000
15185.874083	0.000000
15191.277596	0.000000
15196.681110	0.000000
15202.084624	0.000000
15207.488138	0.000000
15212.891652	0.000000
15218.295166	0.000000
15223.698680	0.000000
15229.102194	0.000000
15234.505708	0.000000
15239.909222	0.000000
15245.312736	0.000000
15250.716249	0.000000
15256.119763	0.000000
15261.523277	0.000000
15266.926791	0.000000
15272.330305	0.000000
15277.733819	0.000000
15283.137333	0.000000
15288.540847	0.000000
15293.944361	0.000000
15299.347875	0.000000
15304.751389	0.000000
15310.154902	0.000000
15315.558416	0.000000
15320.961930	0.000000
15326.365444	0.000000
15331.768958	0.000000
15337.172472	0.000000
15342.575986	0.000000
15347.979500	0.000000
15353.383014	0.000000
15358.786528	0.000000
15364.190042	0.000000
15369.593555	0.000000
15374.997069	0.000000
15380.400583	0.000000
15385.804097	0.000000
15391.207611	0.000000
15396.611125	0.000000
15402.014639	0.000000
15407.418153	0.000000
15412.821667	0.000000
15418.225181	0.000000
15423.628695	0.000000
15429.032208	0.000000
15434.435722	0.000000
15439.839236	0.000000
15445.242750	0.000000
15450.646264	0.000000
15456.049778	0.000000
15461.453292	0.000000
15466.856806	0.000000
15472.260320	0.000000
15477.663834	0.000000
15483.067348	0.000000
15488.470861	0.000000
15493.874375	0.000000
15499.277889	0.000000
15504.681403	0.000000
15510.084917	0.000000
15515.488431	0.000000
15520.891945	0.000000
15526.295459	0.000000
15531.698973	0.000000
15537.102487	0.000000
15542.506001	0.000000
15547.909514	0.000000
15553.313028	0.000000
15558.716542	0.000000
15564.120056	0.000000
15569.523570	0.000000
15574.927084	0.000000
15580.330598	0.000000
15585.734112	0.000000
15591.137626	0.000000
15596.541140	0.000000
15601.944654	0.000000
15607.348167	0.000000
15612.751681	0.000000
15618.155195	0.000000
15623.558709	0.000000
15628.962223	0.000000
15634.365737	0.000000
15639.769251	0.000000
15645.172765	0.000000
15650.576279	0.000000
15655.979793	0.000000
15661.383307	0.000000
15666.786820	0.000000
15672.190334	0.000000
15677.593848	0.000000
15682.997362	0.000000
15688.400876	0.000000
15693.804390	0.000000
15699.207904	0.000000
15704.611418	0.000000
15710.014932	0.000000
15715.418446	0.000000
15720.821959	0.000000
15726.225473	0.000000
15731.628987	0.000000
15737.032501	0.000000
15742.436015	0.000000
15747.839529	0.000000
15753.243043	0.000000
15758.646557	0.000000
15764.050071	0.000000
15769.453585	0.000000
15774.857099	0.000000
15780.260612	0.000000
15785.664126	0.000000
15791.067640	0.000000
15796.471154	0.000000
15801.874668	0.000000
15807.278182	0.000000
15812.681696	0.000000
15818.085210	0.000000
15823.488724	0.000000
15828.892238	0.000000
15834.295752	0.000000
15839.699265	0.000000
15845.102779	0.000000
15850.506293	0.000000
15855.909807	0.000000
15861.313321	0.000000
15866.716835	0.000000
15872.120349	0.000000
15877.523863	0.000000
15882.927377	0.000000
15888.330891	0.000000
15893.734405	0.000000
15899.137918	0.000000
15904.541432	0.000000
15909.944946	0.000000
15915.348460	0.000000
15920.751974	0.000000
15926.155488	0.000000
15931.559002	0.000000
15936.962516	0.000000
15942.366030	0.000000
15947.769544	0.000000
15953.173058	0.000000
15958.576571	0.000000
15963.980085	0.000000
15969.383599	0.000000
15974.787113	0.000000
15980.190627	0.000000
15985.594141	0.000000
15990.997655	0.000000
15996.401169	0.000000
16001.804683	0.000000
16007.208197	0.000000
16012.611711	0.000000
16018.015224	0.000000
16023.418738	0.000000
16028.822252	0.000000
16034.225766	0.000000
16039.629280	0.000000
16045.032794	0.000000
16050.436308	0.000000
16055.839822	0.000000
16061.243336	0.000000
16066.646850	0.000000
16072.050364	0.000000
16077.453877	0.000000
16082.857391	0.000000
16088.260905	0.000000
16093.664419	0.000000
16099.067933	0.000000
16104.471447	0.000000
16109.874961	0.000000
16115.278475	0.000000
16120.681989	0.000000
16126.085503	0.000000
16131.489017	0.000000
16136.892530	0.000000
16142.296044	0.000000
16147.699558	0.000000
16153.103072	0.000000
16158.506586	0.000000
16163.910100	0.000000
16169.313614	0.000000
16174.717128	0.000000
16180.120642	0.000000
16185.524156	0.000000
16190.927670	0.000000
16196.331183	0.000000
16201.734697	0.000000
16207.138211	0.000000
16212.541725	0.000000
16217.945239	0.000000
16223.348753	0.000000
16228.752267	0.000000
16234.155781	0.000000
16239.559295	0.000000
16244.962809	0.000000
16250.366323	0.000000
16255.769836	0.000000
16261.173350	0.000000
16266.576864	0.000000
16271.980378	0.000000
16277.383892	0.000000
16282.787406	0.000000
16288.190920	0.000000
16293.594434	0.000000
16298.997948	0.000000
16304.401462	0.000000
16309.804976	0.000000
16315.208489	0.000000
16320.612003	0.000000
16326.015517	0.000000
16331.419031	0.000000
16336.822545	0.000000
16342.226059	0.000000
16347.629573	0.000000
16353.033087	0.000000
16358.436601	0.000000
16363.840115	0.000000
16369.243629	0.000000
16374.647142	0.000000
16380.050656	0.000000
16385.454170	0.000000
16390.857684	0.000000
16396.261198	0.000000
16401.664712	0.000000
16407.068226	0.000000
16412.471740	0.000000
16417.875254	0.000000
16423.278768	0.000000
16428.682281	0.000000
16434.085795	0.000000
16439.489309	0.000000
16444.892823	0.000000
16450.296337	0.000000
16455.699851	0.000000
16461.103365	0.000000
16466.506879	0.000000
16471.910393	0.000000
16477.313907	0.000000
16482.717421	0.000000
16488.120934	0.000000
16493.524448	0.000000
16498.927962	0.000000
16504.331476	0.000000
16509.734990	0.000000
16515.138504	0.000000
16520.542018	0.000000
16525.945532	0.000000
16531.349046	0.000000
16536.752560	0.000000
16542.156074	0.000000
16547.559587	0.000000
16552.963101	0.000000
16558.366615	0.000000
16563.770129	0.000000
16569.173643	0.000000
16574.577157	0.000000
16579.980671	0.000000
16585.384185	0.000000
16590.787699	0.000000
16596.191213	0.000000
16601.594727	0.000000
16606.998240	0.000000
16612.401754	0.000000
16617.805268	0.000000
16623.208782	0.000000
16628.612296	0.000000
16634.015810	0.000000
16639.419324	0.000000
16644.822838	0.000000
16650.226352	0.000000
16655.629866	0.000000
16661.033380	0.000000
16666.436893	0.000000
16671.840407	0.000000
16677.243921	0.000000
16682.647435	0.000000
16688.050949	0.000000
16693.454463	0.000000
16698.857977	0.000000
16704.261491	0.000000
16709.665005	0.000000
16715.068519	0.000000
16720.472033	0.000000
16725.875546	0.000000
16731.279060	0.000000
16736.682574	0.000000
16742.086088	0.000000
16747.489602	0.000000
16752.893116	0.000000
16758.296630	0.000000
16763.700144	0.000000
16769.103658	0.000000
16774.507172	0.000000
16779.910686	0.000000
16785.314199	0.000000
16790.717713	0.000000
16796.121227	0.000000
16801.524741	0.000000
16806.928255	0.000000
16812.331769	0.000000
16817.735283	0.000000
16823.138797	0.000000
16828.542311	0.000000
16833.945825	0.000000
16839.349339	0.000000
16844.752852	0.000000
16850.156366	0.000000
16855.559880	0.000000
16860.963394	0.000000
16866.366908	0.000000
16871.770422	0.000000
16877.173936	0.000000
16882.577450	0.000000
16887.980964	0.000000
16893.384478	0.000000
16898.787992	0.000000
16904.191505	0.000000
16909.595019	0.000000
16914.998533	0.000000
16920.402047	0.000000
16925.805561	0.000000
16931.209075	0.000000
16936.612589	0.000000
16942.016103	0.000000
16947.419617	0.000000
16952.823131	0.000000
16958.226645	0.000000
16963.630158	0.000000
16969.033672	0.000000
16974.437186	0.000000
16979.840700	0.000000
16985.244214	0.000000
16990.647728	0.000000
16996.051242	0.000000
17001.454756	0.000000
17006.858270	0.000000
17012.261784	0.000000
17017.665298	0.000000
17023.068811	0.000000
17028.472325	0.000000
17033.875839	0.000000
17039.279353	0.000000
17044.682867	0.000000
17050.086381	0.000000
17055.489895	0.000000
17060.893409	0.000000
17066.296923	0.000000
17071.700437	0.000000
17077.103951	0.000000
17082.507464	0.000000
17087.910978	0.000000
17093.314492	0.000000
17098.718006	0.000000
17104.121520	0.000000
17109.525034	0.000000
17114.928548	0.000000
17120.332062	0.000000
17125.735576	0.000000
17131.139090	0.000000
17136.542603	0.000000
17141.946117	0.000000
17147.349631	0.000000
17152.753145	0.000000
17158.156659	0.000000
17163.560173	0.000000
17168.963687	0.000000
17174.367201	0.000000
17179.770715	0.000000
17185.174229	0.000000
17190.577743	0.000000
17195.981256	0.000000
17201.384770	0.000000
17206.788284	0.000000
17212.191798	0.000000
17217.595312	0.000000
17222.998826	0.000000
17228.402340	0.000000
17233.805854	0.000000
17239.209368	0.000000
17244.612882	0.000000
17250.016396	0.000000
17255.419909	0.000000
17260.823423	0.000000
17266.226937	0.000000
17271.630451	0.000000
17277.033965	0.000000
17282.437479	0.000000
17287.840993	0.000000
17293.244507	0.000000
17298.648021	0.000000
17304.051535	0.000000
17309.455049	0.000000
17314.858562	0.000000
17320.262076	0.000000
17325.665590	0.000000
17331.069104	0.000000
17336.472618	0.000000
17341.876132	0.000000
17347.279646	0.000000
17352.683160	0.000000
17358.086674	0.000000
17363.490188	0.000000
17368.893702	0.000000
17374.297215	0.000000
17379.700729	0.000000
17385.104243	0.000000
17390.507757	0.000000
17395.911271	0.000000
17401.314785	0.000000
17406.718299	0.000000
17412.121813	0.000000
17417.525327	0.000000
17422.928841	0.000000
17428.332355	0.000000
17433.735868	0.000000
17439.139382	0.000000
17444.542896	0.000000
17449.946410	0.000000
17455.349924	0.000000
17460.753438	0.000000
17466.156952	0.000000
17471.560466	0.000000
17476.963980	0.000000
17482.367494	0.000000
17487.771008	0.000000
17493.174521	0.000000
17498.578035	0.000000
17503.981549	0.000000
17509.385063	0.000000
17514.788577	0.000000
17520.192091	0.000000
17525.595605	0.000000
17530.999119	0.000000
17536.402633	0.000000
17541.806147	0.000000
17547.209661	0.000000
17552.613174	0.000000
17558.016688	0.000000
17563.420202	0.000000
17568.823716	0.000000
17574.227230	0.000000
17579.630744	0.000000
17585.034258	0.000000
17590.437772	0.000000
17595.841286	0.000000
17601.244800	0.000000
17606.648314	0.000000
17612.051827	0.000000
17617.455341	0.000000
17622.858855	0.000000
17628.262369	0.000000
17633.665883	0.000000
17639.069397	0.000000
17644.472911	0.000000
17649.876425	0.000000
17655.279939	0.000000
17660.683453	0.000000
17666.086967	0.000000
17671.490480	0.000000
17676.893994	0.000000
17682.297508	0.000000
17687.701022	0.000000
17693.104536	0.000000
17698.508050	0.000000
17703.911564	0.000000
17709.315078	0.000000
17714.718592	0.000000
17720.122106	0.000000
17725.525620	0.000000
17730.929133	0.000000
17736.332647	0.000000
17741.736161	0.000000
17747.139675	0.000000
17752.543189	0.000000
17757.946703	0.000000
17763.350217	0.000000
17768.753731	0.000000
17774.157245	0.000000
17779.560759	0.000000
17784.964272	0.000000
17790.367786	0.000000
17795.771300	0.000000
17801.174814	0.000000
17806.578328	0.000000
17811.981842	0.000000
17817.385356	0.000000
17822.788870	0.000000
17828.192384	0.000000
17833.595898	0.000000
17838.999412	0.000000
17844.402925	0.000000
17849.806439	0.000000
17855.209953	0.000000
17860.613467	0.000000
17866.016981	0.000000
17871.420495	0.000000
17876.824009	0.000000
17882.227523	0.000000
17887.631037	0.000000
17893.034551	0.000000
17898.438065	0.000000
17903.841578	0.000000
17909.245092	0.000000
17914.648606	0.000000
17920.052120	0.000000
17925.455634	0.000000
17930.859148	0.000000
17936.262662	0.000000
17941.666176	0.000000
17947.069690	0.000000
17952.473204	0.000000
17957.876718	0.000000
17963.280231	0.000000
17968.683745	0.000000
17974.087259	0.000000
17979.490773	0.000000
17984.894287	0.000000
17990.297801	0.000000
17995.701315	0.000000
18001.104829	0.000000
18006.508343	0.000000
18011.911857	0.000000
18017.315371	0.000000
18022.718884	0.000000
18028.122398	0.000000
18033.525912	0.000000
18038.929426	0.000000
18044.332940	0.000000
18049.736454	0.000000
18055.139968	0.000000
18060.543482	0.000000
18065.946996	0.000000
18071.350510	0.000000
18076.754024	0.000000
18082.157537	0.000000
18087.561051	0.000000
18092.964565	0.000000
18098.368079	0.000000
18103.771593	0.000000
18109.175107	0.000000
18114.578621	0.000000
18119.982135	0.000000
18125.385649	0.000000
18130.789163	0.000000
18136.192677	0.000000
18141.596190	0.000000
18146.999704	0.000000
18152.403218	0.000000
18157.806732	0.000000
18163.210246	0.000000
18168.613760	0.000000
18174.017274	0.000000
18179.420788	0.000000
18184.824302	0.000000
18190.227816	0.000000
18195.631330	0.000000
18201.034843	0.000000
18206.438357	0.000000
18211.841871	0.000000
18217.245385	0.000000
18222.648899	0.000000
18228.052413	0.000000
18233.455927	0.000000
18238.859441	0.000000
18244.262955	0.000000
18249.666469	0.000000
18255.069983	0.000000
18260.473496	0.000000
18265.877010	0.000000
18271.280524	0.000000
18276.684038	0.000000
18282.087552	0.000000
18287.491066	0.000000
18292.894580	0.000000
18298.298094	0.000000
18303.701608	0.000000
18309.105122	0.000000
18314.508636	0.000000
18319.912149	0.000000
18325.315663	0.000000
18330.719177	0.000000
18336.122691	0.000000
18341.526205	0.000000
18346.929719	0.000000
18352.333233	0.000000
18357.736747	0.000000
18363.140261	0.000000
18368.543775	0.000000
18373.947289	0.000000
18379.350802	0.000000
18384.754316	0.000000
18390.157830	0.000000
18395.561344	0.000000
18400.964858	0.000000
18406.368372	0.000000
18411.771886	0.000000
18417.175400	0.000000
18422.578914	0.000000
18427.982428	0.000000
18433.385942	0.000000
18438.789455	0.000000
18444.192969	0.000000
18449.596483	0.000000
18454.999997	0.000000
18460.403511	0.000000
18465.807025	0.000000
18471.210539	0.000000
18476.614053	0.000000
18482.017567	0.000000
18487.421081	0.000000
18492.824594	0.000000
18498.228108	0.000000
18503.631622	0.000000
18509.035136	0.000000
18514.438650	0.000000
18519.842164	0.000000
18525.245678	0.000000
18530.649192	0.000000
18536.052706	0.000000
18541.456220	0.000000
18546.859734	0.000000
18552.263247	0.000000
18557.666761	0.000000
18563.070275	0.000000
18568.473789	0.000000
18573.877303	0.000000
18579.280817	0.000000
18584.684331	0.000000
18590.087845	0.000000
18595.491359	0.000000
18600.894873	0.000000
18606.298387	0.000000
18611.701900	0.000000
18617.105414	0.000000
18622.508928	0.000000
18627.912442	0.000000
18633.315956	0.000000
18638.719470	0.000000
18644.122984	0.000000
18649.526498	0.000000
18654.930012	0.000000
18660.333526	0.000000
18665.737040	0.000000
18671.140553	0.000000
18676.544067	0.000000
18681.947581	0.000000
18687.351095	0.000000
18692.754609	0.000000
18698.158123	0.000000
18703.561637	0.000000
18708.965151	0.000000
18714.368665	0.000000
18719.772179	0.000000
18725.175693	0.000000
18730.579206	0.000000
18735.982720	0.000000
18741.386234	0.000000
18746.789748	0.000000
18752.193262	0.000000
18757.596776	0.000000
18763.000290	0.000000
18768.403804	0.000000
18773.807318	0.000000
18779.210832	0.000000
18784.614346	0.000000
18790.017859	0.000000
18795.421373	0.000000
18800.824887	0.000000
18806.228401	0.000000
18811.631915	0.000000
18817.035429	0.000000
18822.438943	0.000000
18827.842457	0.000000
18833.245971	0.000000
18838.649485	0.000000
18844.052999	0.000000
18849.456512	0.000000
18854.860026	0.000000
18860.263540	0.000000
18865.667054	0.000000
18871.070568	0.000000
18876.474082	0.000000
18881.877596	0.000000
18887.281110	0.000000
18892.684624	0.000000
18898.088138	0.000000
18903.491652	0.000000
18908.895165	0.000000
18914.298679	0.000000
18919.702193	0.000000
18925.105707	0.000000
18930.509221	0.000000
18935.912735	0.000000
18941.316249	0.000000
18946.719763	0.000000
18952.123277	0.000000
18957.526791	0.000000
18962.930305	0.000000
18968.333818	0.000000
18973.737332	0.000000
18979.140846	0.000000
18984.544360	0.000000
18989.947874	0.000000
18995.351388	0.000000
19000.754902	0.000000
19006.158416	0.000000
19011.561930	0.000000
19016.965444	0.000000
19022.368958	0.000000
19027.772471	0.000000
19033.175985	0.000000
19038.579499	0.000000
19043.983013	0.000000
19049.386527	0.000000
19054.790041	0.000000
19060.193555	0.000000
19065.597069	0.000000
19071.000583	0.000000
19076.404097	0.000000
19081.807611	0.000000
19087.211124	0.000000
19092.614638	0.000000
19098.018152	0.000000
19103.421666	0.000000
19108.825180	0.000000
19114.228694	0.000000
19119.632208	0.000000
19125.035722	0.000000
19130.439236	0.000000
19135.842750	0.000000
19141.246264	0.000000
19146.649777	0.000000
19152.053291	0.000000
19157.456805	0.000000
19162.860319	0.000000
19168.263833	0.000000
19173.667347	0.000000
19179.070861	0.000000
19184.474375	0.000000
19189.877889	0.000000
19195.281403	0.000000
19200.684916	0.000000
19206.088430	0.000000
19211.491944	0.000000
19216.895458	0.000000
19222.298972	0.000000
19227.702486	0.000000
19233.106000	0.000000
19238.509514	0.000000
19243.913028	0.000000
19249.316542	0.000000
19254.720056	0.000000
19260.123569	0.000000
19265.527083	0.000000
19270.930597	0.000000
19276.334111	0.000000
19281.737625	0.000000
19287.141139	0.000000
19292.544653	0.000000
19297.948167	0.000000
19303.351681	0.000000
19308.755195	0.000000
19314.158709	0.000000
19319.562222	0.000000
19324.965736	0.000000
19330.369250	0.000000
19335.772764	0.000000
19341.176278	0.000000
19346.579792	0.000000
19351.983306	0.000000
19357.386820	0.000000
19362.790334	0.000000
19368.193848	0.000000
19373.597362	0.000000
19379.000875	0.000000
19384.404389	0.000000
19389.807903	0.000000
19395.211417	0.000000
19400.614931	0.000000
19406.018445	0.000000
19411.421959	0.000000
19416.825473	0.000000
19422.228987	0.000000
19427.632501	0.000000
19433.036015	0.000000
19438.439528	0.000000
19443.843042	0.000000
19449.246556	0.000000
19454.650070	0.000000
19460.053584	0.000000
19465.457098	0.000000
19470.860612	0.000000
19476.264126	0.000000
19481.667640	0.000000
19487.071154	0.000000
19492.474668	0.000000
19497.878181	0.000000
19503.281695	0.000000
19508.685209	0.000000
19514.088723	0.000000
19519.492237	0.000000
19524.895751	0.000000
19530.299265	0.000000
19535.702779	0.000000
19541.106293	0.000000
19546.509807	0.000000
19551.913321	0.000000
19557.316834	0.000000
19562.720348	0.000000
19568.123862	0.000000
19573.527376	0.000000
19578.930890	0.000000
19584.334404	0.000000
19589.737918	0.000000
19595.141432	0.000000
19600.544946	0.000000
19605.948460	0.000000
19611.351974	0.000000
19616.755487	0.000000
19622.159001	0.000000
19627.562515	0.000000
19632.966029	0.000000
19638.369543	0.000000
19643.773057	0.000000
19649.176571	0.000000
19654.580085	0.000000
19659.983599	0.000000
19665.387113	0.000000
19670.790627	0.000000
19676.194140	0.000000
19681.597654	0.000000
19687.001168	0.000000
19692.404682	0.000000
19697.808196	0.000000
19703.211710	0.000000
19708.615224	0.000000
19714.018738	0.000000
19719.422252	0.000000
19724.825766	0.000000
19730.229280	0.000000
19735.632793	0.000000
19741.036307	0.000000
19746.439821	0.000000
19751.843335	0.000000
19757.246849	0.000000
19762.650363	0.000000
19768.053877	0.000000
19773.457391	0.000000
19778.860905	0.000000
19784.264419	0.000000
19789.667933	0.000000
19795.071446	0.000000
19800.474960	0.000000
19805.878474	0.000000
19811.281988	0.000000
19816.685502	0.000000
19822.089016	0.000000
19827.492530	0.000000
19832.896044	0.000000
19838.299558	0.000000
19843.703072	0.000000
19849.106586	0.000000
19854.510099	0.000000
19859.913613	0.000000
19865.317127	0.000000
19870.720641	0.000000
19876.124155	0.000000
19881.527669	0.000000
19886.931183	0.000000
19892.334697	0.000000
19897.738211	0.000000
19903.141725	0.000000
19908.545238	0.000000
19913.948752	0.000000
19919.352266	0.000000
19924.755780	0.000000
19930.159294	0.000000
19935.562808	0.000000
19940.966322	0.000000
19946.369836	0.000000
19951.773350	0.000000
19957.176864	0.000000
19962.580378	0.000000
19967.983891	0.000000
19973.387405	0.000000
19978.790919	0.000000
19984.194433	0.000000
19989.597947	0.000000
19995.001461	0.000000
20000.404975	0.000000
20005.808489	0.000000
20011.212003	0.000000
20016.615517	0.000000
20022.019031	0.000000
20027.422544	0.000000
20032.826058	0.000000
20038.229572	0.000000
20043.633086	0.000000
20049.036600	0.000000
20054.440114	0.000000
20059.843628	0.000000
20065.247142	0.000000
20070.650656	0.000000
20076.054170	0.000000
20081.457684	0.000000
20086.861197	0.000000
20092.264711	0.000000
20097.668225	0.000000
20103.071739	0.000000
20108.475253	0.000000
20113.878767	0.000000
20119.282281	0.000000
20124.685795	0.000000
20130.089309	0.000000
20135.492823	0.000000
20140.896337	0.000000
20146.299850	0.000000
20151.703364	0.000000
20157.106878	0.000000
20162.510392	0.000000
20167.913906	0.000000
20173.317420	0.000000
20178.720934	0.000000
20184.124448	0.000000
20189.527962	0.000000
20194.931476	0.000000
20200.334990	0.000000
20205.738503	0.000000
20211.142017	0.000000
20216.545531	0.000000
20221.949045	0.000000
20227.352559	0.000000
20232.756073	0.000000
20238.159587	0.000000
20243.563101	0.000000
20248.966615	0.000000
20254.370129	0.000000
20259.773643	0.000000
20265.177156	0.000000
20270.580670	0.000000
20275.984184	0.000000
20281.387698	0.000000
20286.791212	0.000000
20292.194726	0.000000
20297.598240	0.000000
20303.001754	0.000000
20308.405268	0.000000
20313.808782	0.000000
20319.212296	0.000000
20324.615809	0.000000
20330.019323	0.000000
20335.422837	0.000000
20340.826351	0.000000
20346.229865	0.000000
20351.633379	0.000000
20357.036893	0.000000
20362.440407	0.000000
20367.843921	0.000000
20373.247435	0.000000
20378.650949	0.000000
20384.054462	0.000000
20389.457976	0.000000
20394.861490	0.000000
20400.265004	0.000000
20405.668518	0.000000
20411.072032	0.000000
20416.475546	0.000000
20421.879060	0.000000
20427.282574	0.000000
20432.686088	0.000000
20438.089602	0.000000
20443.493115	0.000000
20448.896629	0.000000
20454.300143	0.000000
20459.703657	0.000000
20465.107171	0.000000
20470.510685	0.000000
20475.914199	0.000000
20481.317713	0.000000
20486.721227	0.000000
20492.124741	0.000000
20497.528255	0.000000
20502.931768	0.000000
20508.335282	0.000000
20513.738796	0.000000
20519.142310	0.000000
20524.545824	0.000000
20529.949338	0.000000
20535.352852	0.000000
20540.756366	0.000000
20546.159880	0.000000
20551.563394	0.000000
20556.966908	0.000000
20562.370421	0.000000
20567.773935	0.000000
20573.177449	0.000000
20578.580963	0.000000
20583.984477	0.000000
20589.387991	0.000000
20594.791505	0.000000
20600.195019	0.000000
20605.598533	0.000000
20611.002047	0.000000
20616.405560	0.000000
20621.809074	0.000000
20627.212588	0.000000
20632.616102	0.000000
20638.019616	0.000000
20643.423130	0.000000
20648.826644	0.000000
20654.230158	0.000000
20659.633672	0.000000
20665.037186	0.000000
20670.440700	0.000000
20675.844213	0.000000
20681.247727	0.000000
20686.651241	0.000000
20692.054755	0.000000
20697.458269	0.000000
20702.861783	0.000000
20708.265297	0.000000
20713.668811	0.000000
20719.072325	0.000000
20724.475839	0.000000
20729.879353	0.000000
20735.282866	0.000000
20740.686380	0.000000
20746.089894	0.000000
20751.493408	0.000000
20756.896922	0.000000
20762.300436	0.000000
20767.703950	0.000000
20773.107464	0.000000
20778.510978	0.000000
20783.914492	0.000000
20789.318006	0.000000
20794.721519	0.000000
20800.125033	0.000000
20805.528547	0.000000
20810.932061	0.000000
20816.335575	0.000000
20821.739089	0.000000
20827.142603	0.000000
20832.546117	0.000000
20837.949631	0.000000
20843.353145	0.000000
20848.756659	0.000000
20854.160172	0.000000
20859.563686	0.000000
20864.967200	0.000000
20870.370714	0.000000
20875.774228	0.000000
20881.177742	0.000000
20886.581256	0.000000
20891.984770	0.000000
20897.388284	0.000000
20902.791798	0.000000
20908.195312	0.000000
20913.598825	0.000000
20919.002339	0.000000
20924.405853	0.000000
20929.809367	0.000000
20935.212881	0.000000
20940.616395	0.000000
20946.019909	0.000000
20951.423423	0.000000
20956.826937	0.000000
20962.230451	0.000000
20967.633965	0.000000
20973.037478	0.000000
20978.440992	0.000000
20983.844506	0.000000
20989.248020	0.000000
20994.651534	0.000000
21000.055048	0.000000
21005.458562	0.000000
21010.862076	0.000000
21016.265590	0.000000
21021.669104	0.000000
21027.072618	0.000000
21032.476131	0.000000
21037.879645	0.000000
21043.283159	0.000000
21048.686673	0.000000
21054.090187	0.000000
21059.493701	0.000000
21064.897215	0.000000
21070.300729	0.000000
21075.704243	0.000000
21081.107757	0.000000
21086.511271	0.000000
21091.914784	0.000000
21097.318298	0.000000
21102.721812	0.000000
21108.125326	0.000000
21113.528840	0.000000
21118.932354	0.000000
21124.335868	0.000000
21129.739382	0.000000
21135.142896	0.000000
21140.546410	0.000000
21145.949924	0.000000
21151.353437	0.000000
21156.756951	0.000000
21162.160465	0.000000
21167.563979	0.000000
21172.967493	0.000000
21178.371007	0.000000
21183.774521	0.000000
21189.178035	0.000000
21194.581549	0.000000
21199.985063	0.000000
21205.388577	0.000000
21210.792090	0.000000
21216.195604	0.000000
21221.599118	0.000000
21227.002632	0.000000
21232.406146	0.000000
21237.809660	0.000000
21243.213174	0.000000
21248.616688	0.000000
21254.020202	0.000000
21259.423716	0.000000
21264.827229	0.000000
21270.230743	0.000000
21275.634257	0.000000
21281.037771	0.000000
21286.441285	0.000000
21291.844799	0.000000
21297.248313	0.000000
21302.651827	0.000000
21308.055341	0.000000
21313.458855	0.000000
21318.862369	0.000000
21324.265882	0.000000
21329.669396	0.000000
21335.072910	0.000000
21340.476424	0.000000
21345.879938	0.000000
21351.283452	0.000000
21356.686966	0.000000
21362.090480	0.000000
21367.493994	0.000000
21372.897508	0.000000
21378.301022	0.000000
21383.704535	0.000000
21389.108049	0.000000
21394.511563	0.000000
21399.915077	0.000000
21405.318591	0.000000
21410.722105	0.000000
21416.125619	0.000000
21421.529133	0.000000
21426.932647	0.000000
21432.336161	0.000000
21437.739675	0.000000
21443.143188	0.000000
21448.546702	0.000000
21453.950216	0.000000
21459.353730	0.000000
21464.757244	0.000000
21470.160758	0.000000
21475.564272	0.000000
21480.967786	0.000000
21486.371300	0.000000
21491.774814	0.000000
21497.178328	0.000000
21502.581841	0.000000
21507.985355	0.000000
21513.388869	0.000000
21518.792383	0.000000
21524.195897	0.000000
21529.599411	0.000000
21535.002925	0.000000
21540.406439	0.000000
21545.809953	0.000000
21551.213467	0.000000
21556.616981	0.000000
21562.020494	0.000000
21567.424008	0.000000
21572.827522	0.000000
21578.231036	0.000000
21583.634550	0.000000
21589.038064	0.000000
21594.441578	0.000000
21599.845092	0.000000
21605.248606	0.000000
21610.652120	0.000000
21616.055634	0.000000
21621.459147	0.000000
21626.862661	0.000000
21632.266175	0.000000
21637.669689	0.000000
21643.073203	0.000000
21648.476717	0.000000
21653.880231	0.000000
21659.283745	0.000000
21664.687259	0.000000
21670.090773	0.000000
21675.494287	0.000000
21680.897800	0.000000
21686.301314	0.000000
21691.704828	0.000000
21697.108342	0.000000
21702.511856	0.000000
21707.915370	0.000000
21713.318884	0.000000
21718.722398	0.000000
21724.125912	0.000000
21729.529426	0.000000
21734.932940	0.000000
21740.336453	0.000000
21745.739967	0.000000
21751.143481	0.000000
21756.546995	0.000000
21761.950509	0.000000
21767.354023	0.000000
21772.757537	0.000000
21778.161051	0.000000
21783.564565	0.000000
21788.968079	0.000000
21794.371593	0.000000
21799.775106	0.000000
21805.178620	0.000000
21810.582134	0.000000
21815.985648	0.000000
21821.389162	0.000000
21826.792676	0.000000
21832.196190	0.000000
21837.599704	0.000000
21843.003218	0.000000
21848.406732	0.000000
21853.810246	0.000000
21859.213759	0.000000
21864.617273	0.000000
21870.020787	0.000000
21875.424301	0.000000
21880.827815	0.000000
21886.231329	0.000000
21891.634843	0.000000
21897.038357	0.000000
21902.441871	0.000000
21907.845385	0.000000
21913.248899	0.000000
21918.652412	0.000000
21924.055926	0.000000
21929.459440	0.000000
21934.862954	0.000000
21940.266468	0.000000
21945.669982	0.000000
21951.073496	0.000000
21956.477010	0.000000
21961.880524	0.000000
21967.284038	0.000000
21972.687551	0.000000
21978.091065	0.000000
21983.494579	0.000000
21988.898093	0.000000
21994.301607	0.000000
21999.705121	0.000000
22005.108635	0.000000
22010.512149	0.000000
22015.915663	0.000000
22021.319177	0.000000
22026.722691	0.000000
22032.126204	0.000000
22037.529718	0.000000
22042.933232	0.000000
22048.336746	0.000000
22053.740260	0.000000
22059.143774	0.000000
22064.547288	0.000000
22069.950802	0.000000
22075.354316	0.000000
22080.757830	0.000000
22086.161344	0.000000
22091.564857	0.000000
22096.968371	0.000000
22102.371885	0.000000
22107.775399	0.000000
22113.178913	0.000000
22118.582427	0.000000
22123.985941	0.000000
22129.389455	0.000000
22134.792969	0.000000
22140.196483	0.000000
22145.599997	0.000000
22151.003510	0.000000
22156.407024	0.000000
22161.810538	0.000000
22167.214052	0.000000
22172.617566	0.000000
22178.021080	0.000000
22183.424594	0.000000
22188.828108	0.000000
22194.231622	0.000000
22199.635136	0.000000
22205.038650	0.000000
22210.442163	0.000000
22215.845677	0.000000
22221.249191	0.000000
22226.652705	0.000000
22232.056219	0.000000
22237.459733	0.000000
22242.863247	0.000000
22248.266761	0.000000
22253.670275	0.000000
22259.073789	0.000000
22264.477303	0.000000
22269.880816	0.000000
22275.284330	0.000000
22280.687844	0.000000
22286.091358	0.000000
22291.494872	0.000000
22296.898386	0.000000
22302.301900	0.000000
22307.705414	0.000000
22313.108928	0.000000
22318.512442	0.000000
22323.915956	0.000000
22329.319469	0.000000
22334.722983	0.000000
22340.126497	0.000000
22345.530011	0.000000
22350.933525	0.000000
22356.337039	0.000000
22361.740553	0.000000
22367.144067	0.000000
22372.547581	0.000000
22377.951095	0.000000
22383.354609	0.000000
22388.758122	0.000000
22394.161636	0.000000
22399.565150	0.000000
22404.968664	0.000000
22410.372178	0.000000
22415.775692	0.000000
22421.179206	0.000000
22426.582720	0.000000
22431.986234	0.000000
22437.389748	0.000000
22442.793262	0.000000
22448.196775	0.000000
22453.600289	0.000000
22459.003803	0.000000
22464.407317	0.000000
22469.810831	0.000000
22475.214345	0.000000
22480.617859	0.000000
22486.021373	0.000000
22491.424887	0.000000
22496.828401	0.000000
22502.231915	0.000000
22507.635428	0.000000
22513.038942	0.000000
22518.442456	0.000000
22523.845970	0.000000
22529.249484	0.000000
22534.652998	0.000000
22540.056512	0.000000
22545.460026	0.000000
22550.863540	0.000000
22556.267054	0.000000
22561.670568	0.000000
22567.074081	0.000000
22572.477595	0.000000
22577.881109	0.000000
22583.284623	0.000000
22588.688137	0.000000
22594.091651	0.000000
22599.495165	0.000000
22604.898679	0.000000
22610.302193	0.000000
22615.705707	0.000000
22621.109221	0.000000
22626.512734	0.000000
22631.916248	0.000000
22637.319762	0.000000
22642.723276	0.000000
22648.126790	0.000000
22653.530304	0.000000
22658.933818	0.000000
22664.337332	0.000000
22669.740846	0.000000
22675.144360	0.000000
22680.547873	0.000000
22685.951387	0.000000
22691.354901	0.000000
22696.758415	0.000000
22702.161929	0.000000
22707.565443	0.000000
22712.968957	0.000000
22718.372471	0.000000
22723.775985	0.000000
22729.179499	0.000000
22734.583013	0.000000
22739.986526	0.000000
22745.390040	0.000000
22750.793554	0.000000
22756.197068	0.000000
22761.600582	0.000000
22767.004096	0.000000
22772.407610	0.000000
22777.811124	0.000000
22783.214638	0.000000
22788.618152	0.000000
22794.021666	0.000000
22799.425179	0.000000
22804.828693	0.000000
22810.232207	0.000000
22815.635721	0.000000
22821.039235	0.000000
22826.442749	0.000000
22831.846263	0.000000
22837.249777	0.000000
22842.653291	0.000000
22848.056805	0.000000
22853.460319	0.000000
22858.863832	0.000000
22864.267346	0.000000
22869.670860	0.000000
22875.074374	0.000000
22880.477888	0.000000
22885.881402	0.000000
22891.284916	0.000000
22896.688430	0.000000
22902.091944	0.000000
22907.495458	0.000000
22912.898972	0.000000
22918.302485	0.000000
22923.705999	0.000000
22929.109513	0.000000
22934.513027	0.000000
22939.916541	0.000000
22945.320055	0.000000
22950.723569	0.000000
22956.127083	0.000000
22961.530597	0.000000
22966.934111	0.000000
22972.337625	0.000000
22977.741138	0.000000
22983.144652	0.000000
22988.548166	0.000000
22993.951680	0.000000
22999.355194	0.000000
23004.758708	0.000000
23010.162222	0.000000
23015.565736	0.000000
23020.969250	0.000000
23026.372764	0.000000
23031.776278	0.000000
23037.179791	0.000000
23042.583305	0.000000
23047.986819	0.000000
23053.390333	0.000000
23058.793847	0.000000
23064.197361	0.000000
23069.600875	0.000000
23075.004389	0.000000
23080.407903	0.000000
23085.811417	0.000000
23091.214931	0.000000
23096.618444	0.000000
23102.021958	0.000000
23107.425472	0.000000
23112.828986	0.000000
23118.232500	0.000000
23123.636014	0.000000
23129.039528	0.000000
23134.443042	0.000000
23139.846556	0.000000
23145.250070	0.000000
23150.653584	0.000000
23156.057097	0.000000
23161.460611	0.000000
23166.864125	0.000000
23172.267639	0.000000
23177.671153	0.000000
23183.074667	0.000000
23188.478181	0.000000
23193.881695	0.000000
23199.285209	0.000000
23204.688723	0.000000
23210.092237	0.000000
23215.495750	0.000000
23220.899264	0.000000
23226.302778	0.000000
23231.706292	0.000000
23237.109806	0.000000
23242.513320	0.000000
23247.916834	0.000000
23253.320348	0.000000
23258.723862	0.000000
23264.127376	0.000000
23269.530890	0.000000
23274.934403	0.000000
23280.337917	0.000000
23285.741431	0.000000
23291.144945	0.000000
23296.548459	0.000000
23301.951973	0.000000
23307.355487	0.000000
23312.759001	0.000000
23318.162515	0.000000
23323.566029	0.000000
23328.969543	0.000000
23334.373056	0.000000
23339.776570	0.000000
23345.180084	0.000000
23350.583598	0.000000
23355.987112	0.000000
23361.390626	0.000000
23366.794140	0.000000
23372.197654	0.000000
23377.601168	0.000000
23383.004682	0.000000
23388.408195	0.000000
23393.811709	0.000000
23399.215223	0.000000
23404.618737	0.000000
23410.022251	0.000000
23415.425765	0.000000
23420.829279	0.000000
23426.232793	0.000000
23431.636307	0.000000
23437.039821	0.000000
23442.443335	0.000000
23447.846848	0.000000
23453.250362	0.000000
23458.653876	0.000000
23464.057390	0.000000
23469.460904	0.000000
23474.864418	0.000000
23480.267932	0.000000
23485.671446	0.000000
23491.074960	0.000000
23496.478474	0.000000
23501.881988	0.000000
23507.285501	0.000000
23512.689015	0.000000
23518.092529	0.000000
23523.496043	0.000000
23528.899557	0.000000
23534.303071	0.000000
23539.706585	0.000000
23545.110099	0.000000
23550.513613	0.000000
23555.917127	0.000000
23561.320641	0.000000
23566.724154	0.000000
23572.127668	0.000000
23577.531182	0.000000
23582.934696	0.000000
23588.338210	0.000000
23593.741724	0.000000
23599.145238	0.000000
23604.548752	0.000000
23609.952266	0.000000
23615.355780	0.000000
23620.759294	0.000000
23626.162807	0.000000
23631.566321	0.000000
23636.969835	0.000000
23642.373349	0.000000
23647.776863	0.000000
23653.180377	0.000000
23658.583891	0.000000
23663.987405	0.000000
23669.390919	0.000000
23674.794433	0.000000
23680.197947	0.000000
23685.601460	0.000000
23691.004974	0.000000
23696.408488	0.000000
23701.812002	0.000000
23707.215516	0.000000
23712.619030	0.000000
23718.022544	0.000000
23723.426058	0.000000
23728.829572	0.000000
23734.233086	0.000000
23739.636600	0.000000
23745.040113	0.000000
23750.443627	0.000000
23755.847141	0.000000
23761.250655	0.000000
23766.654169	0.000000
23772.057683	0.000000
23777.461197	0.000000
23782.864711	0.000000
23788.268225	0.000000
23793.671739	0.000000
23799.075253	0.000000
23804.478766	0.000000
23809.882280	0.000000
23815.285794	0.000000
23820.689308	0.000000
23826.092822	0.000000
23831.496336	0.000000
23836.899850	0.000000
23842.303364	0.000000
23847.706878	0.000000
23853.110392	0.000000
23858.513906	0.000000
23863.917419	0.000000
23869.320933	0.000000
23874.724447	0.000000
23880.127961	0.000000
23885.531475	0.000000
23890.934989	0.000000
23896.338503	0.000000
23901.742017	0.000000
23907.145531	0.000000
23912.549045	0.000000
23917.952559	0.000000
23923.356072	0.000000
23928.759586	0.000000
23934.163100	0.000000
23939.566614	0.000000
23944.970128	0.000000
23950.373642	0.000000
23955.777156	0.000000
23961.180670	0.000000
23966.584184	0.000000
23971.987698	0.000000
23977.391212	0.000000
23982.794725	0.000000
23988.198239	0.000000
23993.601753	0.000000
23999.005267	0.000000
24004.408781	0.000000
24009.812295	0.000000
24015.215809	0.000000
24020.619323	0.000000
24026.022837	0.000000
24031.426351	0.000000
24036.829865	0.000000
24042.233378	0.000000
24047.636892	0.000000
24053.040406	0.000000
24058.443920	0.000000
24063.847434	0.000000
24069.250948	0.000000
24074.654462	0.000000
24080.057976	0.000000
24085.461490	0.000000
24090.865004	0.000000
24096.268517	0.000000
24101.672031	0.000000
24107.075545	0.000000
24112.479059	0.000000
24117.882573	0.000000
24123.286087	0.000000
24128.689601	0.000000
24134.093115	0.000000
24139.496629	0.000000
24144.900143	0.000000
24150.303657	0.000000
24155.707170	0.000000
24161.110684	0.000000
24166.514198	0.000000
24171.917712	0.000000
24177.321226	0.000000
24182.724740	0.000000
24188.128254	0.000000
24193.531768	0.000000
24198.935282	0.000000
24204.338796	0.000000
24209.742310	0.000000
24215.145823	0.000000
24220.549337	0.000000
24225.952851	0.000000
24231.356365	0.000000
24236.759879	0.000000
24242.163393	0.000000
24247.566907	0.000000
24252.970421	0.000000
24258.373935	0.000000
24263.777449	0.000000
24269.180963	0.000000
24274.584476	0.000000
24279.987990	0.000000
24285.391504	0.000000
24290.795018	0.000000
24296.198532	0.000000
24301.602046	0.000000
24307.005560	0.000000
24312.409074	0.000000
24317.812588	0.000000
24323.216102	0.000000
24328.619616	0.000000
24334.023129	0.000000
24339.426643	0.000000
24344.830157	0.000000
24350.233671	0.000000
24355.637185	0.000000
24361.040699	0.000000
24366.444213	0.000000
24371.847727	0.000000
24377.251241	0.000000
24382.654755	0.000000
24388.058269	0.000000
24393.461782	0.000000
24398.865296	0.000000
24404.268810	0.000000
24409.672324	0.000000
24415.075838	0.000000
24420.479352	0.000000
24425.882866	0.000000
24431.286380	0.000000
24436.689894	0.000000
24442.093408	0.000000
24447.496922	0.000000
24452.900435	0.000000
24458.303949	0.000000
24463.707463	0.000000
24469.110977	0.000000
24474.514491	0.000000
24479.918005	0.000000
24485.321519	0.000000
24490.725033	0.000000
24496.128547	0.000000
24501.532061	0.000000
24506.935575	0.000000
24512.339088	0.000000
24517.742602	0.000000
24523.146116	0.000000
24528.549630	0.000000
24533.953144	0.000000
24539.356658	0.000000
24544.760172	0.000000
24550.163686	0.000000
24555.567200	0.000000
24560.970714	0.000000
24566.374228	0.000000
24571.777741	0.000000
24577.181255	0.000000
24582.584769	0.000000
24587.988283	0.000000
24593.391797	0.000000
24598.795311	0.000000
24604.198825	0.000000
24609.602339	0.000000
24615.005853	0.000000
24620.409367	0.000000
24625.812881	0.000000
24631.216394	0.000000
24636.619908	0.000000
24642.023422	0.000000
24647.426936	0.000000
24652.830450	0.000000
24658.233964	0.000000
